0.040306
0.053855
0.014527
0.044002
0.024733
0.042005
0.030776
0.020659
0.023544
0.028445
0.015075
0.024051
0.032295
0.080254
0.050157
0.033884
0.017896
0.033722
0.025448
0.032826
0.068765
0.043491
0.026743
0.045068
0.054885
0.092306
0.023306
0.024457
0.027728
0.017564
0.022293
0.050096
0.031684
0.026404
0.018619
0.034408
0.036040
0.028361
0.028578
0.113883
0.027926
0.027552
0.026992
0.042374
0.043911
0.024582
0.038672
0.023732
0.028867
0.023406
0.036591
0.033748
0.020982
0.021570
0.018578
0.032915
0.006577
0.045827
0.034510
0.041347
0.025925
0.058625
0.031911
0.075693
0.031084
0.028114
0.050111
0.048417
0.046265
0.017236
0.045257
0.046244
0.037321
0.030099
0.031903
0.041017
0.016709
0.012688
0.033244
0.031234
0.017644
0.027006
0.061550
0.131193
0.039006
0.025086
0.029663
0.031255
0.035162
0.024922
0.017165
0.042082
0.019666
0.019417
0.011878
0.023113
0.038319
0.029774
0.038306
0.020879
0.045699
0.039982
0.018754
0.016737
0.033279
0.037774
0.031474
0.042215
0.028601
0.040992
0.023774
0.101608
0.021251
0.023229
0.048107
0.061769
0.018195
0.020741
0.032276
0.025727
0.033671
0.025036
0.037236
0.029257
0.025129
0.018046
0.021642
0.027204
0.020198
0.037068
0.040188
0.023701
0.029641
0.035528
0.037728
0.027326
0.021094
0.016059
0.019183
0.032118
0.022313
0.059421
0.034683
0.028547
0.018144
0.029412
0.016203
0.026063
0.064482
0.043973
0.017172
0.030914
0.033242
0.039247
0.021780
0.032499
0.040805
0.033844
0.053252
0.066086
0.051141
0.020528
0.027269
0.041571
0.021913
0.028677
0.021491
0.017814
0.038010
0.035354
0.022027
0.028454
0.016889
0.020610
0.027414
0.016951
0.041952
0.026751
0.033306
0.049233
0.077979
0.034293
0.028450
0.038389
0.016409
0.021376
0.025952
0.039751
0.022185
0.029950
0.014747
0.024033
0.012442
0.022772
0.019240
0.037685
0.016616
0.027872
0.036227
0.052696
0.033778
0.011401
0.035948
0.059732
0.029039
0.020189
0.021464
0.024045
0.021832
0.030236
0.025449
0.030009
0.038382
0.023351
0.031884
0.023846
0.072861
0.041460
0.029226
0.037217
0.023152
0.041166
0.060148
0.030355
0.022890
0.024846
0.022499
0.019203
0.040914
0.018599
0.021905
0.016284
0.030455
0.029808
0.024149
0.032381
0.031276
0.023749
0.019911
0.021430
0.042267
0.020783
0.016554
0.096357
0.029498
0.028745
0.015466
0.023774
0.028165
0.094847
0.019652
0.028862
0.022422
0.010906
0.027896
0.040289
0.034568
0.031733
0.030061
0.016458
0.025631
0.026517
0.015704
0.043072
0.032281
0.022288
0.022590
0.032953
0.029419
0.017685
0.023506
0.013860
0.022697
0.039463
0.042198
0.034334
0.061288
0.031123
0.036879
0.018426
0.042191
0.031110
0.045626
0.030298
0.038440
0.020087
0.021690
0.036437
0.022532
0.026909
0.028849
0.095171
0.080560
0.029128
0.012188
0.035944
0.021853
0.036991
0.039685
0.013943
0.041902
0.026740
0.066287
0.029886
0.071973
0.023750
0.024808
0.026602
0.047279
0.051599
0.022128
0.049191
0.013079
0.050567
0.026064
0.040739
0.045470
0.022581
0.023620
0.058157
0.031776
0.014325
0.040351
0.025693
0.042573
0.031554
0.023434
0.027160
0.017966
0.025779
0.018898
0.037319
0.028686
0.032431
0.030056
0.026049
0.032558
0.035044
0.036943
0.043613
0.032604
0.013953
0.017641
0.123585
0.019254
0.020974
0.024483
0.028627
0.072433
0.029140
0.045396
0.029511
0.025762
0.016840
0.022559
0.038672
0.034448
0.023434
0.018687
0.015034
0.027063
0.019865
0.032451
0.051644
0.016366
0.024354
0.031447
0.032640
0.029638
0.028549
0.037188
0.030339
0.031673
0.020726
0.024969
0.017411
0.023722
0.021485
0.068446
0.025689
0.029141
0.023211
0.028579
0.058685
0.046789
0.084776
0.032180
0.063854
0.032276
0.030834
0.030630
0.029379
0.037573
0.022090
0.035066
0.034394
0.021691
0.032678
0.028832
0.015550
0.023716
0.021984
0.032060
0.023243
0.044609
0.015991
0.032178
0.047448
0.096197
0.035329
0.053383
0.044379
0.059297
0.019121
0.034137
0.024076
0.018668
0.092828
0.022637
0.033708
0.016160
0.046058
0.023963
0.055639
0.036048
0.015022
0.027085
0.016436
0.018125
0.021957
0.018476
0.034886
0.030002
0.029110
0.043226
0.024019
0.039413
0.031078
0.048257
0.026927
0.036575
0.025794
0.051414
0.026919
0.043515
0.019276
0.015317
0.016857
0.044216
0.035926
0.066335
0.124119
0.019088
0.053004
0.043355
0.021533
0.084367
0.014186
0.038184
0.071615
0.024558
0.030568
0.018401
0.017272
0.018608
0.044359
0.039450
0.026388
0.022688
0.041007
0.023900
0.042319
0.023487
0.062161
0.032460
0.030238
0.045257
0.018733
0.044868
0.013448
0.019766
0.066246
0.026009
0.028660
0.030023
0.039756
0.011426
0.047783
0.040585
0.023100
0.019485
0.017582
0.032143
0.010392
0.019826
0.033486
0.015620
0.034119
0.033062
0.019891
