500 2
14.022728 25.648598
0.210923 5.191036
28.896303 11.225711
-53.898449 -7.416412
-57.851028 0.829026
-38.483101 8.775411
-51.189499 -4.729894
21.806229 29.006636
28.674257 21.020983
-51.018982 -3.977335
-51.433064 2.523959
1.583141 1.404281
19.795019 22.165119
8.248040 25.458506
15.483478 24.223583
-49.285778 -4.692070
27.650593 18.194532
1.791966 1.418057
5.566752 5.210129
-50.198986 15.103949
8.232149 16.281273
0.322517 6.473816
-42.467258 -5.737536
0.038995 5.318841
-41.361198 16.363121
5.203038 17.318163
-53.943523 -7.184792
8.267522 8.129779
-52.226875 2.414667
30.154453 16.078714
-31.487190 7.423330
-45.887493 13.379417
-48.865891 13.032413
-37.743450 7.771741
26.842175 19.043842
-55.214306 4.335837
-53.847233 -7.427798
-35.027763 11.067278
-20.687683 8.163084
4.617236 18.853838
-33.090816 9.157189
10.341128 10.690385
15.801291 24.228840
18.645144 28.529747
8.546581 15.902061
-45.369011 13.761192
-36.101082 6.484517
4.775984 7.104105
-40.640812 7.803307
27.051495 19.439699
-56.556389 5.881403
-0.074630 4.806884
4.675615 1.348406
21.210136 28.555536
18.946512 6.524129
21.963011 29.163406
26.790226 15.766640
-0.010493 5.500330
-44.268166 14.267386
-40.459892 7.443608
30.840273 19.762421
12.234503 26.226604
-42.216614 -5.343102
5.761314 17.237160
-47.898365 6.988109
-48.914928 1.699932
-49.015976 17.491823
0.453678 15.190973
-44.180244 14.625713
-21.678976 7.258295
-39.114285 15.104320
-43.741543 14.758371
0.380369 15.140919
-44.649418 -8.701584
-20.817739 8.050261
-48.968010 17.482367
-31.876326 7.751659
26.759079 10.050234
-56.892769 5.540452
-57.747757 0.192931
29.249996 11.584300
21.768236 28.837450
7.758775 24.783096
1.613114 16.042585
-0.259079 5.103157
21.856798 20.474657
7.502949 17.941048
-39.648502 15.416770
-42.156509 -3.150812
10.557252 10.980453
29.383202 11.720279
2.006631 7.899327
9.504308 5.640085
-43.855331 -7.335659
18.337366 9.551352
-49.361832 -4.469759
-39.894505 7.251050
-57.367191 -0.333907
-36.588776 13.783290
-46.791203 -1.480019
-39.691181 15.504729
2.514237 8.284995
-52.754086 4.885274
14.253984 10.567122
-22.995504 6.010435
-45.764549 8.019987
-39.805725 15.536608
-50.356850 17.200491
-56.434509 4.310120
-37.908775 12.805593
-56.569420 4.040068
4.512741 19.243456
15.986094 9.993580
-51.753757 2.701984
-51.090279 16.285673
-0.138042 5.629844
29.555223 14.883840
28.638172 20.975151
-48.689121 12.983109
-49.774685 2.300438
10.808224 26.931217
-32.317093 8.341485
-24.999678 5.749190
17.495157 25.305836
19.761200 22.034313
29.426552 11.831484
-43.026470 -1.882743
-20.878086 7.990664
11.522740 9.667015
13.633261 25.888088
8.036313 25.200512
-46.688431 12.844500
-58.817875 -0.149716
12.471445 26.428640
17.093620 26.030197
21.797651 20.488453
5.718677 5.552308
16.410976 9.033305
30.547871 17.249582
20.723457 21.295797
30.084888 17.288090
-37.421478 14.589881
-48.713097 13.114177
-48.680477 1.490468
27.960995 15.380504
-57.700146 5.487077
15.391993 9.924026
-33.731506 9.833014
2.949393 15.895521
8.487235 25.682323
-42.576683 -2.355659
-42.038933 -5.026693
7.632025 18.154022
1.567160 1.418272
21.691154 20.589949
7.806550 18.175388
-54.141285 3.978615
-52.475224 2.716763
-38.588547 14.471026
3.478963 15.626321
-49.852997 16.578611
9.969186 6.187134
-44.592945 -9.272652
-45.393932 -11.050115
9.517120 9.902921
-46.143787 -8.772752
12.595759 9.833552
10.361691 6.608746
-53.487511 -7.503445
-56.954750 -0.517600
7.017504 3.700357
-55.043888 4.731486
27.224594 15.546964
-45.463860 -11.216967
-44.385422 -7.651148
11.168159 9.583192
-36.359772 13.983433
-55.764179 4.904280
-58.541298 0.008194
-43.871170 14.395399
6.622048 23.515800
-36.125443 13.025288
1.977409 2.645025
-49.500835 5.275791
27.036072 15.626956
10.702185 10.273018
-46.243351 -0.818225
-57.255840 6.150776
21.088438 21.037424
20.119555 28.320549
17.933989 7.872717
19.929001 21.847656
27.051750 9.742009
-37.878128 8.190435
25.872164 17.593739
-49.886192 5.827774
18.848244 6.598464
-42.491417 -2.459856
22.060617 29.345837
8.382533 25.630236
-46.990234 12.355887
13.937503 10.886150
-41.913857 -4.774640
4.259379 19.152666
1.682727 1.241755
5.523890 6.367114
9.815646 10.258439
-42.621384 -2.313586
7.129209 3.464138
8.637563 8.673782
-42.337051 -2.671507
-49.608791 14.241800
-48.043739 7.088068
-51.051418 2.383720
3.359772 8.208076
-23.109032 5.746441
6.894017 23.781267
-45.475239 -8.557505
-51.955738 2.528465
-44.052803 15.059721
-43.164238 -6.724054
-46.266762 13.103762
5.184574 21.788439
-50.153946 5.938901
-45.803799 -11.522670
-57.029518 -0.622605
-44.241371 -7.760242
30.853813 17.549379
-50.836754 16.792973
26.928703 9.890728
29.613228 12.000610
9.716925 5.941968
-37.491112 9.398837
-48.535526 6.546936
-58.322281 0.328897
-56.118282 5.555501
-31.206110 7.221416
-24.172813 5.056348
4.339303 1.167450
6.119341 4.762917
-45.158054 -10.940620
-52.956932 4.567309
30.313318 16.857460
3.384338 14.979163
-37.309753 7.476181
16.810001 26.294498
-50.305317 6.069926
-52.159790 -6.071446
-46.045979 -0.596244
0.506396 15.242099
-46.120808 -9.193496
14.265635 25.204618
-45.949276 7.936061
29.015316 11.389484
17.175776 25.573973
7.460434 17.223608
-35.403507 11.559688
-45.583496 -11.335358
20.265799 21.653889
17.877024 9.846576
5.417946 6.144599
4.481050 1.213790
29.842360 15.734354
7.649560 18.345907
-31.335369 7.242193
20.029602 21.879595
-21.119423 7.769716
-47.579018 12.742303
-53.339203 -6.929290
27.447540 15.680019
-45.454773 8.155476
18.619242 6.996526
11.258977 9.965763
-52.415188 -6.511260
18.401207 28.632685
-50.399666 15.724072
7.975794 16.859213
-24.787098 5.793350
-35.944283 6.221382
26.963564 9.886709
1.064698 7.220620
-32.309402 8.310608
-49.419216 16.932503
-53.467548 4.465870
1.245928 7.384435
-21.264898 7.633455
-49.458508 -4.617584
-42.873520 -6.397397
-48.869667 1.769761
30.849882 19.674635
1.772206 2.848941
3.391181 15.294891
2.479194 15.931524
4.652912 1.043016
18.215794 7.782043
1.752931 15.814106
17.716391 8.144330
-58.895233 -0.228479
-24.263660 5.220048
25.945211 17.330488
0.840856 15.502544
-25.191801 5.942868
-38.821896 14.917678
-42.867035 -2.070199
-41.022381 15.844995
3.784370 7.983874
25.759960 17.820036
19.702017 28.029371
-39.112679 8.903843
-57.452801 5.876095
-24.906296 5.680617
11.199900 26.558662
5.906491 5.053725
-49.829121 17.603100
-31.833162 7.760239
-43.586422 14.593593
12.617257 26.221113
-45.249512 -11.116594
17.500290 25.623287
6.355561 23.175859
-47.216999 6.915552
31.009592 19.411625
-44.512871 -9.009350
9.145632 8.947956
-45.848049 7.855089
-49.729053 -4.528977
-25.161015 6.049977
-32.800652 8.926281
15.933263 9.535515
11.697355 9.458794
27.156303 10.005515
-52.726421 -6.617670
22.119495 29.267775
13.229753 26.040689
0.272523 14.973030
-21.450628 7.467527
21.661440 28.899982
18.733860 28.688751
-52.743835 -6.356619
7.452181 18.517704
8.713726 15.581840
17.717113 8.623316
17.130970 9.562963
6.404353 23.291361
29.213015 15.330065
29.521465 11.939507
3.471199 8.138758
-43.611973 -7.210417
5.000473 17.584965
-57.710979 5.697742
-49.969208 14.984984
-43.407776 -6.967497
-45.553528 -0.600031
17.436686 8.027416
26.553022 18.831657
15.399290 24.116421
-40.264130 7.028461
-40.506748 7.355104
26.424767 16.085232
10.034173 6.155473
9.082296 15.054036
28.475044 20.896736
-35.930771 6.405287
-42.710690 15.382085
30.648798 17.072058
-48.575066 1.586482
-56.206673 5.705626
-39.755650 8.428606
-50.430084 2.894266
-52.625854 -6.484537
-41.150143 16.210201
-23.979805 5.160272
0.514661 6.392673
-22.259068 6.813698
-41.772484 -4.511453
26.884052 9.830668
19.209925 27.358877
13.430285 11.172382
3.869736 16.036066
14.391850 10.844216
-58.971767 -0.045240
-45.807785 -8.919439
-33.178528 9.318775
-42.598255 15.567277
-43.095974 15.651928
5.311656 22.103529
1.620097 7.777719
14.980379 24.204006
-45.689404 8.013412
3.605863 7.938129
20.265661 28.232262
8.733338 8.504917
-36.622559 14.211997
-36.708946 14.406699
-48.195919 6.817155
-37.677628 7.694548
4.542957 1.145649
-46.350201 -0.949472
14.108334 10.820965
6.591893 3.220712
9.874562 6.286876
15.002882 10.351313
17.290695 25.031565
28.302971 20.722980
-50.601894 16.667990
26.046717 18.612762
-49.830181 4.081024
-41.463058 16.216179
5.048117 21.786669
1.677741 2.260559
4.427524 18.928057
-44.940876 -10.684881
8.344592 25.547890
8.069826 4.098609
-57.528267 -0.060902
-44.171520 -1.156520
-38.164898 12.659933
3.194927 15.445530
-35.141571 11.170302
15.993632 24.435146
29.356279 15.011231
-49.010509 13.312701
20.413160 21.508572
10.707147 26.771034
-50.747063 -4.929920
21.546627 20.699100
4.198674 16.256502
-45.822575 -0.767683
-35.315208 11.425578
-44.874012 -8.791474
5.813969 5.320492
-53.734077 -7.229717
-56.662853 -0.944930
-0.176842 5.707514
16.439590 26.027023
10.835173 10.818471
11.965470 26.360390
-56.464317 5.808856
7.470941 24.407896
-49.808372 3.514330
-36.635090 12.125711
-50.002983 6.194186
13.719182 25.731335
-21.616812 7.326843
8.973763 15.268941
9.795353 6.379188
18.951572 6.698528
-57.995579 0.449475
-39.276703 8.790362
10.946082 26.789219
7.113253 24.060078
4.927096 22.140347
4.085357 1.426565
-37.700844 12.477221
-43.861462 14.543039
27.077530 19.134949
6.464883 23.354673
17.118309 8.594886
-37.636673 7.972928
-49.107147 17.737051
-36.428452 14.079851
-52.784870 3.691509
26.724398 19.149466
5.921991 2.141448
6.625356 4.054102
-49.782940 15.934549
-50.064362 5.657583
-54.488422 4.368951
-23.889486 5.415786
1.623307 1.612110
30.735882 19.823265
-36.777622 14.353065
6.684313 2.833333
4.939181 16.905416
-46.246811 7.637473
-48.945271 6.573710
-45.986965 13.292148
29.621449 12.532639
4.479078 18.427902
28.445063 20.865051
6.344719 2.456107
-50.185925 16.918720
-35.742584 6.304834
19.460739 28.141491
-49.565289 -4.665051
-40.905552 7.606997
31.133022 19.319229
10.605350 26.940987
-42.191936 -5.357497
-49.163559 13.575197
8.887109 8.084970
31.238314 19.093939
-51.560726 -5.335113
17.304565 9.975683
17.761606 9.746900
19.929277 27.963261
30.485579 17.142088
-34.853851 10.564518
-51.650471 -5.271130
-33.043839 9.218219
