500 2
-31.003735 -19.438116
-19.627058 -15.837224
-21.375769 -24.077442
-17.712854 5.087914
-12.063105 5.778863
-13.248978 -4.658205
-14.829551 4.888544
-31.399923 -24.114826
-30.122122 -25.586658
-14.614337 3.898292
-13.232983 4.352373
-18.438007 -19.801826
-29.091852 -20.915298
-32.747650 -16.641199
-29.223696 -18.793362
-17.413765 2.300900
-26.509363 -25.017536
-18.754942 -19.375542
-20.068319 -17.154202
-7.625880 2.567812
-27.697817 -16.475273
-20.104870 -12.927841
-20.587143 -1.062982
-19.457520 -15.525102
-8.077659 -3.272275
-27.515858 -14.709953
-15.797023 5.879295
-22.334732 -16.426340
-13.916948 5.005855
-25.967186 -26.845381
-18.606241 -3.325129
-8.695438 -0.980692
-8.943712 2.485955
-14.593096 -3.227844
-27.825344 -24.824265
-11.254272 5.240666
-17.327002 5.233610
-15.285395 -6.229588
-16.535063 -7.846547
-29.100101 -14.629921
-16.395681 -4.396371
-24.919353 -16.440136
-29.742682 -19.624920
-32.211906 -20.946508
-28.005270 -17.685991
-9.158611 -1.705523
-15.993386 -2.788908
-20.955395 -16.271027
-12.086973 -2.220898
-28.744659 -24.111452
-8.956221 4.009626
-18.741508 -16.343443
-19.742189 -20.009588
-30.248945 -24.036800
-20.761141 -22.759312
-32.121113 -23.469637
-24.629776 -24.140371
-19.897905 -14.623403
-10.341208 -2.167269
-13.095592 -1.941569
-29.516418 -26.434738
-31.388096 -18.088202
-19.972466 -0.434304
-28.208263 -15.338845
-12.243420 1.247340
-14.289807 2.426493
-7.898605 -1.909316
-24.688538 -12.944033
-9.698084 -2.641783
-18.504419 -6.304908
-11.283250 -6.248409
-10.088473 -3.171054
-22.649872 -11.283648
-19.009254 1.970440
-18.290346 -8.069578
-7.932828 -1.628706
-18.071352 -3.695689
-23.630617 -23.588774
-9.229886 5.608819
-12.498416 5.674289
-22.234652 -24.604797
-30.619703 -24.843779
-32.101540 -17.277811
-27.364235 -12.995974
-18.842278 -14.893572
-29.882820 -23.010805
-29.702784 -16.066141
-10.737008 -5.640229
-18.899916 -1.460097
-25.909893 -16.980791
-22.032097 -24.982464
-21.606752 -14.453700
-22.101982 -19.428297
-19.423182 3.121104
-24.123386 -23.149836
-16.261017 2.436321
-14.123202 -2.590214
-13.575128 6.280178
-13.043780 -5.982007
-16.800892 1.524677
-10.524191 -5.970433
-22.625134 -13.869280
-10.134075 3.432934
-25.332090 -18.809910
-19.149330 -7.276353
-10.963132 -0.134486
-10.172178 -5.107565
-7.146152 -0.665768
-10.360232 6.045575
-12.157601 -5.521568
-10.778954 5.834718
-29.783787 -14.657242
-25.454325 -20.975033
-12.496961 3.930156
-7.088997 2.202463
-19.551008 -13.966449
-24.876902 -26.474092
-29.785728 -25.405344
-9.665489 1.775643
-13.589250 3.107301
-33.211323 -18.993595
-18.019072 -4.937967
-20.034897 -4.073719
-30.421534 -21.957100
-28.090631 -20.012493
-23.311941 -25.683474
-16.938877 -0.902408
-17.091856 -7.386333
-24.369879 -18.383675
-32.310776 -19.616520
-32.335865 -16.889137
-9.376388 -0.403545
-12.323694 7.032808
-32.741631 -19.872452
-31.303066 -21.278282
-29.781754 -23.632193
-21.138319 -18.176285
-23.190268 -20.429201
-27.203960 -25.856573
-28.743124 -22.034914
-26.673628 -25.444513
-12.329341 -6.644496
-9.255521 0.780094
-14.733724 1.976174
-24.565802 -25.519394
-9.982154 6.388494
-24.524509 -19.820848
-15.968141 -5.827180
-26.885487 -14.146062
-33.257549 -17.551483
-17.591167 -1.605148
-19.938234 -1.944848
-29.308805 -15.595644
-18.370111 -18.524216
-29.284231 -23.347042
-29.661316 -16.724504
-11.568982 5.038404
-12.583549 4.861409
-11.614388 -5.206987
-25.207447 -14.241068
-7.567160 -0.128189
-23.155222 -19.283981
-19.444677 0.966217
-17.907238 0.752523
-24.329300 -15.406547
-17.813238 2.405706
-24.961178 -19.135014
-23.397284 -18.371298
-18.511179 4.437511
-13.598884 5.477368
-21.360651 -19.950859
-10.116265 4.916523
-25.453787 -25.015247
-18.209957 0.294358
-19.030951 3.438693
-23.989054 -17.420366
-13.511742 -7.006358
-9.695419 5.169624
-12.995994 6.729122
-11.273187 -3.297061
-31.196373 -16.148973
-14.161273 -6.399855
-19.068268 -17.648979
-11.970977 2.006740
-25.029358 -24.631567
-24.461626 -16.971216
-15.452799 1.327134
-7.995639 3.478335
-28.175451 -22.781961
-31.899378 -22.549059
-22.578644 -21.751097
-26.972616 -20.680305
-22.296991 -23.537573
-13.843307 -4.069292
-26.546318 -23.027077
-10.786753 2.636681
-21.116777 -22.393869
-18.047291 -2.244771
-32.773392 -22.619667
-33.113792 -16.343224
-10.418264 -0.347487
-26.905123 -18.970968
-19.333094 -1.127054
-28.411203 -13.459654
-18.817404 -20.550049
-21.675295 -17.204073
-25.176380 -16.034632
-17.994392 -1.073118
-21.103718 -20.336685
-23.350317 -15.824417
-18.404665 -1.981065
-8.339130 1.966732
-10.381010 0.939044
-14.032008 3.602688
-23.011999 -14.725801
-19.523968 -8.010373
-30.967766 -16.736904
-18.500841 2.813582
-12.942101 4.315643
-8.887177 -2.487102
-20.592669 0.402603
-9.927154 -0.970598
-30.430307 -14.088431
-11.058775 2.988454
-17.284750 1.084690
-14.325647 6.070110
-19.676477 2.568494
-27.600920 -26.455408
-7.028482 0.882134
-23.309647 -24.284845
-21.691017 -24.779327
-22.196278 -18.704216
-13.715565 -5.204534
-11.216559 1.454699
-11.756563 6.507639
-9.388669 4.270902
-19.519518 -3.733518
-20.495722 -4.608076
-19.374388 -21.113018
-20.056368 -18.637308
-18.894037 -0.000508
-10.416916 3.720299
-26.167912 -26.111988
-23.959949 -13.945427
-15.585019 -4.092429
-31.809843 -20.680731
-9.552095 2.920735
-17.357487 3.489598
-14.500810 0.345576
-23.819710 -12.061565
-18.239038 1.707018
-30.797270 -18.388407
-11.237866 0.246512
-22.967010 -25.323149
-30.745090 -20.762720
-28.710068 -15.966886
-15.229619 -7.308636
-17.654919 0.358442
-28.297501 -21.671658
-25.346832 -22.848768
-21.149986 -16.671303
-19.339993 -19.687550
-25.614180 -26.588911
-30.356426 -16.345934
-19.133230 -2.948620
-27.637045 -21.222471
-17.712795 -6.985189
-9.861433 0.304564
-17.191992 4.878773
-25.780470 -25.516928
-11.514687 -1.137694
-21.810095 -22.154320
-24.979015 -17.868128
-17.850376 3.817434
-32.752934 -20.592295
-7.452852 1.795582
-28.904558 -17.010220
-19.638136 -5.417517
-16.388634 -2.154535
-22.872414 -23.917696
-20.681532 -14.352510
-17.430880 -4.056437
-8.180386 -0.615985
-11.034797 4.494813
-20.935740 -13.796801
-16.612240 -6.582956
-16.750555 3.094147
-20.821898 -1.423826
-13.303298 1.827078
-28.849108 -26.089396
-19.471235 -16.959167
-24.812593 -14.544748
-26.529575 -13.986891
-19.699999 -21.737410
-22.788586 -22.750912
-26.749142 -13.387325
-23.082865 -22.148344
-14.086267 6.777436
-20.206636 -5.569732
-26.070049 -23.897985
-26.038250 -12.697202
-19.095911 -4.451734
-11.513859 -6.554375
-17.291050 -0.376222
-9.835005 -4.769727
-21.935764 -15.749827
-26.962257 -23.482922
-31.645975 -22.189177
-12.546227 -4.244508
-8.076187 4.385722
-19.362959 -4.752236
-32.441647 -18.321991
-20.489704 -18.372828
-7.099103 -1.204819
-17.676804 -4.216680
-10.953387 -3.849763
-31.729372 -19.222361
-18.630766 -0.322384
-30.164270 -21.580311
-30.948227 -15.708198
-13.071025 0.568744
-28.039030 -26.409155
-19.801460 1.336784
-23.816299 -16.237661
-11.974201 -0.358489
-15.854175 3.493054
-18.712614 -5.054082
-17.365772 -5.496820
-23.901247 -20.182508
-23.930832 -18.689075
-23.645653 -24.882387
-18.065702 4.127586
-31.917967 -23.751596
-31.957060 -19.017197
-22.790901 -12.775490
-18.272472 -6.573762
-30.890795 -24.549759
-32.924706 -21.474611
-16.692814 4.574671
-30.283613 -15.255294
-27.152401 -16.047638
-23.634563 -21.703661
-24.650959 -21.623491
-31.603542 -15.434305
-25.070440 -26.106480
-22.642586 -25.638815
-22.677423 -15.028342
-20.076221 1.627472
-27.770985 -14.977941
-7.560757 3.867977
-7.804880 1.507114
-20.330402 0.930028
-15.268696 -0.668798
-21.966654 -21.088055
-27.217161 -24.324986
-29.579762 -18.402557
-14.644063 -1.468446
-13.593653 -1.465636
-25.307817 -23.661655
-22.836771 -18.918098
-26.342108 -16.268335
-29.397776 -25.012032
-16.541553 -3.276983
-10.334126 -4.274155
-27.085747 -26.648251
-13.643761 1.387126
-8.576024 3.429890
-12.713020 -3.087707
-12.977010 2.853217
-17.642696 3.704304
-8.986710 -4.364042
-20.230501 -6.768214
-20.239136 -15.048532
-18.882532 -5.924504
-19.519783 -2.516916
-23.831551 -24.598185
-30.799891 -22.391317
-26.319443 -18.267096
-26.091167 -14.756761
-26.555012 -20.229918
-11.291489 6.999781
-18.539036 1.474115
-16.882366 -4.949427
-9.635461 -3.803578
-8.705268 -2.816577
-31.246998 -14.642793
-21.682835 -12.987186
-30.176109 -17.526117
-11.098615 -1.381215
-21.472321 -15.273233
-30.910803 -23.319172
-23.300646 -16.795288
-12.739612 -6.397522
-13.237732 -8.149351
-11.724985 0.951145
-15.008565 -3.664597
-19.412395 -20.655874
-15.955235 0.696810
-25.936550 -19.465343
-20.411963 -19.237961
-22.482895 -17.797424
-25.001997 -20.301836
-29.700335 -21.200994
-29.034607 -24.746363
-6.872032 0.666578
-28.048504 -23.337339
-12.088135 3.329643
-8.819880 -3.613570
-29.922804 -13.358065
-18.930283 -17.932962
-28.831560 -14.286677
-19.204700 0.406690
-32.594719 -17.099966
-22.408129 -20.409086
-12.802973 6.094895
-16.247139 -1.240283
-11.507515 -4.748217
-25.610352 -13.763273
-14.843340 -5.923820
-30.195339 -19.983536
-24.280304 -25.770750
-8.934518 1.248702
-27.207916 -21.987259
-32.927299 -18.085840
-15.445664 4.256307
-29.290270 -22.559134
-25.782934 -15.134860
-16.332920 0.215317
-14.652020 -6.666113
-19.129892 2.260376
-20.658077 -17.652691
-16.642471 5.749641
-14.962126 5.559745
-19.181190 -13.563647
-31.173429 -20.134190
-25.522970 -17.385567
-31.784630 -17.836716
-8.658978 4.873188
-31.542431 -17.442150
-12.570282 2.584347
-13.745138 -5.727514
-10.158684 2.167501
-31.136332 -18.716803
-17.747604 -5.769828
-27.085440 -17.469744
-21.844299 -18.167122
-21.568354 -22.875061
-11.515166 6.348814
-11.992858 -3.661623
-32.669479 -18.491875
-31.807596 -16.417191
-31.288334 -13.502920
-19.373661 -18.940454
-12.413801 -5.310535
-10.719595 -2.653116
-27.664522 -24.994167
-31.889612 -15.822203
-23.990744 -21.185255
-14.613441 -4.636845
-7.536485 -2.056696
-13.954654 -7.405243
-11.671260 3.974498
-28.391689 -24.209257
-20.102720 -20.480556
-20.829929 -19.514231
-8.007978 0.394120
-11.518602 2.599639
-10.687912 4.322002
-19.644361 -6.372052
-18.642647 -18.674557
-29.225361 -26.305315
-12.878610 -7.290220
-20.547621 -21.021822
-26.732853 -15.320572
-12.366630 0.130216
-10.846187 1.650608
-9.538283 -1.371441
-23.840904 -26.269293
-28.070021 -13.945167
-28.649858 -25.450697
-20.734053 -21.460836
-7.306937 0.012642
-17.294245 -2.845236
-32.055573 -21.890331
-15.946586 2.934274
-12.710848 -1.201519
-28.317734 -26.644335
-33.480877 -19.319590
-20.152817 -0.553157
-8.535441 0.759402
-22.883244 -17.260324
-27.862125 -26.935270
-16.533350 4.354648
-25.835403 -21.615747
-24.880917 -22.476053
-31.229841 -23.083614
-26.860439 -26.201908
-15.138910 -5.250491
-16.039436 5.052949
-16.404461 -5.455850
