-8.661371231079101562e+00 -2.166395425796508789e+00
-5.117916584014892578e+00 1.834831357002258301e+00
-7.867623805999755859e+00 2.462278842926025391e+00
8.705378532409667969e+00 2.132573604583740234e+00
9.950415611267089844e+00 2.209574580192565918e-01
6.065897941589355469e+00 -1.300495982170104980e+00
9.137965202331542969e+00 1.218540668487548828e+00
-9.905569076538085938e+00 -5.962931513786315918e-01
-1.004523754119873047e+01 1.808750480413436890e-01
9.072360992431640625e+00 8.975778222084045410e-01
9.486417770385742188e+00 3.663023114204406738e-01
-5.900572299957275391e+00 2.621215343475341797e+00
-9.029354095458984375e+00 -8.383181095123291016e-01
-7.937287807464599609e+00 -2.650166511535644531e+00
-8.222662925720214844e+00 -1.666194081306457520e+00
8.188463211059570312e+00 2.035557270050048828e+00
-9.584018707275390625e+00 1.133998513221740723e+00
-5.927611351013183594e+00 2.424223184585571289e+00
-5.568664550781250000e+00 1.712080955505371094e+00
9.528207778930664062e+00 -1.641457557678222656e+00
-6.485004901885986328e+00 -1.512560009956359863e+00
-4.068452835083007812e+00 1.370633363723754883e+00
6.287359714508056641e+00 2.070215702056884766e+00
-4.679381370544433594e+00 1.719789624214172363e+00
7.604558944702148438e+00 -2.617162942886352539e+00
-6.187838554382324219e+00 -1.842559218406677246e+00
9.135231971740722656e+00 1.552834153175354004e+00
-5.760196685791015625e+00 8.618603348731994629e-01
9.489762306213378906e+00 6.881356835365295410e-01
-9.626159667968750000e+00 1.581999421119689941e+00
5.523208141326904297e+00 1.318258047103881836e+00
8.087759971618652344e+00 -2.091821432113647461e+00
9.333360671997070312e+00 -1.176112055778503418e+00
6.128633975982666016e+00 -2.319825291633605957e-01
-9.579667091369628906e+00 6.360347270965576172e-01
1.024887180328369141e+01 -3.415177762508392334e-01
8.868051528930664062e+00 1.990749955177307129e+00
5.292025089263916016e+00 -5.238230228424072266e-01
4.821285247802734375e+00 -4.759345054626464844e-01
-6.311404705047607422e+00 -2.139334201812744141e+00
5.466226100921630859e+00 4.156336486339569092e-01
-6.105850696563720703e+00 -3.011308908462524414e-01
-8.348090171813964844e+00 -1.548390269279479980e+00
-9.159831047058105469e+00 -1.803916692733764648e+00
-7.035643100738525391e+00 -1.394569635391235352e+00
8.063246726989746094e+00 -2.112982988357543945e+00
6.086867809295654297e+00 5.708950161933898926e-01
-5.528265476226806641e+00 1.266388654708862305e+00
7.230676174163818359e+00 -8.962376117706298828e-01
-9.916474342346191406e+00 2.549895346164703369e-01
1.001408863067626953e+01 -1.176754593849182129e+00
-5.270690441131591797e+00 2.131665706634521484e+00
-6.404521465301513672e+00 2.477545261383056641e+00
-9.971175193786621094e+00 -4.578498899936676025e-01
-7.344974517822265625e+00 2.356345653533935547e+00
-9.724614143371582031e+00 -1.152552723884582520e+00
-8.861784934997558594e+00 1.541748881340026855e+00
-4.520413875579833984e+00 1.563178420066833496e+00
7.565656661987304688e+00 -1.998521924018859863e+00
7.213682174682617188e+00 -5.307947993278503418e-01
-1.037532901763916016e+01 5.195049643516540527e-01
-8.361152648925781250e+00 -2.354505062103271484e+00
6.159549713134765625e+00 1.930562376976013184e+00
-6.467339515686035156e+00 -1.826628565788269043e+00
8.659959793090820312e+00 -4.884248375892639160e-01
8.692899703979492188e+00 3.760289251804351807e-01
8.229780197143554688e+00 -2.397092819213867188e+00
-5.085558891296386719e+00 -1.116271495819091797e+00
7.559016704559326172e+00 -2.217701673507690430e+00
4.843340873718261719e+00 6.934377551078796387e-01
5.930746555328369141e+00 -2.042166709899902344e+00
7.334811210632324219e+00 -2.104915857315063477e+00
4.698396205902099609e+00 -1.159248828887939453e+00
7.492700576782226562e+00 2.373536586761474609e+00
4.553738594055175781e+00 5.188070535659790039e-01
8.136569023132324219e+00 -2.338875770568847656e+00
5.506235122680664062e+00 1.035916924476623535e+00
-8.345741271972656250e+00 1.872246146202087402e+00
1.010834407806396484e+01 -7.831786274909973145e-01
1.013685512542724609e+01 4.490059912204742432e-01
-8.343411445617675781e+00 2.352077245712280273e+00
-1.001670360565185547e+01 -2.483455836772918701e-01
-7.846430778503417969e+00 -2.606934785842895508e+00
-5.961609363555908203e+00 -1.983243346214294434e+00
-4.685648441314697266e+00 1.877870440483093262e+00
-9.556735992431640625e+00 -5.768132805824279785e-01
-6.755830287933349609e+00 -2.208305120468139648e+00
6.594556808471679688e+00 -2.340712308883666992e+00
6.326405525207519531e+00 1.814181685447692871e+00
-6.295053005218505859e+00 -2.279217094182968140e-01
-8.037927627563476562e+00 2.621064901351928711e+00
-4.850016117095947266e+00 7.892817854881286621e-01
-6.608819961547851562e+00 1.153413176536560059e+00
7.765249729156494141e+00 2.360019683837890625e+00
-8.302707672119140625e+00 1.540647864341735840e+00
8.360235214233398438e+00 1.675940990447998047e+00
6.591999053955078125e+00 -4.600549936294555664e-01
9.871367454528808594e+00 7.905867695808410645e-01
5.770816326141357422e+00 -1.867057919502258301e+00
7.752539634704589844e+00 1.667681694030761719e+00
6.365286350250244141e+00 -2.337280511856079102e+00
-4.961651325225830078e+00 1.261691451072692871e-01
9.516704559326171875e+00 -6.003319621086120605e-01
-7.022373199462890625e+00 2.310244292020797729e-01
4.707419872283935547e+00 1.225299715995788574e+00
8.171822547912597656e+00 -1.034650206565856934e+00
6.451362133026123047e+00 -2.248395442962646484e+00
8.609287261962890625e+00 -2.360082626342773438e+00
1.009783744812011719e+01 -5.800551772117614746e-01
6.063289165496826172e+00 -1.828770518302917480e+00
1.018503761291503906e+01 -1.351834833621978760e-01
-6.454928398132324219e+00 -2.272794485092163086e+00
-7.740242958068847656e+00 5.459797978401184082e-01
9.477664947509765625e+00 3.320464193820953369e-01
9.471699714660644531e+00 -1.950760483741760254e+00
-4.491974353790283203e+00 1.628521084785461426e+00
-9.411662101745605469e+00 1.985833406448364258e+00
-1.010726642608642578e+01 2.318069189786911011e-01
9.071203231811523438e+00 -1.248409390449523926e+00
9.190266609191894531e+00 1.706646233797073364e-01
-8.631986618041992188e+00 -2.456486940383911133e+00
5.256145477294921875e+00 7.747965455055236816e-01
5.298202991485595703e+00 1.402481198310852051e+00
-9.287739753723144531e+00 -1.012764930725097656e+00
-8.234335899353027344e+00 -6.722411513328552246e-01
-8.849125862121582031e+00 2.235088109970092773e+00
6.784491539001464844e+00 1.446986794471740723e+00
4.767644882202148438e+00 2.786466777324676514e-01
-6.442928314208984375e+00 2.355758398771286011e-01
-8.788173675537109375e+00 -2.134030342102050781e+00
-7.920639514923095703e+00 -2.679394006729125977e+00
8.348336219787597656e+00 -1.685474753379821777e+00
1.043937206268310547e+01 2.265808880329132080e-01
-8.677177429199218750e+00 -2.258768320083618164e+00
-9.330544471740722656e+00 -1.441351890563964844e+00
-9.594636917114257812e+00 -4.466338157653808594e-01
-5.794958591461181641e+00 1.671540141105651855e+00
-7.055626869201660156e+00 9.904670715332031250e-01
-9.766810417175292969e+00 1.076727390289306641e+00
-8.984242439270019531e+00 -4.708967208862304688e-01
-9.742854118347167969e+00 9.766762852668762207e-01
5.627031803131103516e+00 -1.881472468376159668e+00
9.058800697326660156e+00 -1.402882933616638184e+00
8.379711151123046875e+00 7.137771844863891602e-01
-9.143751144409179688e+00 1.725976467132568359e+00
1.022834587097167969e+01 -6.289001107215881348e-01
-7.172529697418212891e+00 6.095760464668273926e-01
5.268386840820312500e+00 -1.564870029687881470e-01
-5.831414222717285156e+00 -1.743807673454284668e+00
-8.249221801757812500e+00 -2.803453683853149414e+00
6.191414833068847656e+00 1.580283761024475098e+00
6.154371738433837891e+00 1.817785143852233887e+00
-6.788369178771972656e+00 -2.305081367492675781e+00
-5.889937877655029297e+00 2.537331581115722656e+00
-9.653445243835449219e+00 -1.910704970359802246e-01
-7.130324363708496094e+00 -2.292751073837280273e+00
9.987077713012695312e+00 -7.289270311594009399e-02
9.605414390563964844e+00 4.243513941764831543e-01
6.205685615539550781e+00 -2.038615226745605469e+00
-5.481757164001464844e+00 -1.023967027664184570e+00
8.691344261169433594e+00 -2.129859447479248047e+00
-6.147988319396972656e+00 9.407218098640441895e-01
7.165758132934570312e+00 2.214121818542480469e+00
7.252249717712402344e+00 2.069715023040771484e+00
-5.750310420989990234e+00 -2.355309128761291504e-01
7.870496749877929688e+00 2.034925699234008789e+00
-6.840976238250732422e+00 2.437704652547836304e-01
-6.371863842010498047e+00 5.960558056831359863e-01
8.483361244201660156e+00 2.266850709915161133e+00
9.736126899719238281e+00 6.064499020576477051e-01
-6.301736831665039062e+00 1.880170345306396484e+00
1.005555629730224609e+01 -5.651777982711791992e-01
-9.086095809936523438e+00 1.573255777359008789e+00
7.232444286346435547e+00 1.953070521354675293e+00
7.985404014587402344e+00 2.430323839187622070e+00
-6.210683822631835938e+00 7.694370299577713013e-02
5.645012378692626953e+00 -1.823472023010253906e+00
1.006256771087646484e+01 -6.083943247795104980e-01
1.001338958740234375e+01 3.834190368652343750e-01
7.052613258361816406e+00 -1.798594594001770020e+00
-7.411033153533935547e+00 -2.649187326431274414e+00
5.358760833740234375e+00 -1.483438372611999512e+00
-5.602436542510986328e+00 2.139126539230346680e+00
8.968647003173828125e+00 -2.390479892492294312e-01
-8.926239967346191406e+00 1.615914940834045410e+00
-6.150318145751953125e+00 4.112526029348373413e-02
7.830277919769287109e+00 1.068990945816040039e+00
9.847713470458984375e+00 -1.466367959976196289e+00
-9.163171768188476562e+00 -2.627768516540527344e-01
-9.596665382385253906e+00 -1.395067811012268066e+00
-7.659964561462402344e+00 1.817571640014648438e+00
-8.122157096862792969e+00 -1.481837332248687744e-01
-8.171012878417968750e+00 2.329243421554565430e+00
5.837524890899658203e+00 -7.996022701263427734e-01
-9.161633491516113281e+00 7.057464122772216797e-01
8.972533226013183594e+00 -3.799887001514434814e-01
-7.506651401519775391e+00 2.188369512557983398e+00
6.165810108184814453e+00 1.600178480148315430e+00
-9.624929428100585938e+00 -1.479612588882446289e+00
-7.861333370208740234e+00 -3.471776723861694336e+00
8.446347236633300781e+00 -1.252422213554382324e+00
-7.355562210083007812e+00 -1.977380216121673584e-01
6.530643939971923828e+00 1.946859717369079590e+00
-6.099324703216552734e+00 -2.162786483764648438e+00
-6.610482215881347656e+00 2.722961902618408203e+00
-5.664146423339843750e+00 1.196661829948425293e+00
-5.927400588989257812e+00 -2.422434985637664795e-01
6.286000251770019531e+00 1.584642171859741211e+00
-6.540012836456298828e+00 1.864707231521606445e+00
-5.860571861267089844e+00 3.638089001178741455e-01
6.186460018157958984e+00 1.701584935188293457e+00
9.171544075012207031e+00 -1.579591155052185059e+00
8.749691963195800781e+00 -9.567878842353820801e-01
9.324105262756347656e+00 4.564011096954345703e-01
-5.318825721740722656e+00 1.689078658819198608e-01
4.304062843322753906e+00 1.211341857910156250e+00
-7.569700241088867188e+00 -2.522083044052124023e+00
7.738743782043457031e+00 2.268846511840820312e+00
9.735342979431152344e+00 3.820583224296569824e-01
7.570822238922119141e+00 -2.355780124664306641e+00
6.784154891967773438e+00 2.352169036865234375e+00
8.231113433837890625e+00 -1.842581987380981445e+00
-6.560681819915771484e+00 -2.551485776901245117e+00
9.154817581176757812e+00 -7.187243700027465820e-01
7.395501613616943359e+00 1.792601346969604492e+00
9.815851211547851562e+00 1.088780999183654785e+00
7.815414905548095703e+00 2.424207210540771484e+00
-1.004329967498779297e+01 1.000660300254821777e+00
9.044891357421875000e+00 -2.301075935363769531e+00
-8.811247825622558594e+00 1.972580552101135254e+00
-8.045603752136230469e+00 2.774578094482421875e+00
-6.307254791259765625e+00 1.218404650688171387e+00
5.868580341339111328e+00 -1.137874603271484375e+00
9.068804740905761719e+00 -8.772315382957458496e-01
1.015090370178222656e+01 5.168865919113159180e-01
1.004470348358154297e+01 -7.480300068855285645e-01
5.413225650787353516e+00 1.426124215126037598e+00
5.123025417327880859e+00 1.844917058944702148e+00
-6.689954757690429688e+00 2.504126071929931641e+00
-5.897878646850585938e+00 1.954622745513916016e+00
7.133597850799560547e+00 2.254194974899291992e+00
9.556405067443847656e+00 -5.059766769409179688e-01
-9.839123725891113281e+00 1.274046301841735840e+00
-5.382810592651367188e+00 -5.947470664978027344e-01
5.855026721954345703e+00 6.694632768630981445e-02
-9.159940719604492188e+00 -1.663460373878479004e+00
9.275062561035156250e+00 -6.696005463600158691e-01
8.424034118652343750e+00 2.057431459426879883e+00
7.932314395904541016e+00 4.254008531570434570e-01
-5.049540042877197266e+00 -1.263102769851684570e+00
7.704590320587158203e+00 2.060463666915893555e+00
-8.371664047241210938e+00 -2.174658298492431641e+00
8.402087211608886719e+00 -9.181798100471496582e-01
-8.631727218627929688e+00 2.137988567352294922e+00
-9.381482124328613281e+00 -1.253038883209228516e+00
-6.373894214630126953e+00 -2.047098875045776367e+00
5.298256397247314453e+00 -8.876357674598693848e-01
7.210225105285644531e+00 1.875336050987243652e+00
-8.922141075134277344e+00 -5.407999157905578613e-01
-8.378286361694335938e+00 1.040232181549072266e+00
-5.647750854492187500e+00 1.316137790679931641e+00
-6.181074142456054688e+00 2.527670383453369141e+00
-9.503272056579589844e+00 1.717224717140197754e+00
-7.179932117462158203e+00 -2.366484642028808594e+00
5.676749706268310547e+00 1.510977506637573242e+00
-8.500944137573242188e+00 -2.917806208133697510e-01
4.774227619171142578e+00 5.574175119400024414e-01
8.728558540344238281e+00 -1.430030703544616699e+00
8.868157386779785156e+00 1.917554378509521484e+00
-9.226270675659179688e+00 1.492778182029724121e+00
7.844839572906494141e+00 -1.099733829498291016e+00
-7.493642330169677734e+00 1.956306934356689453e+00
-6.442476272583007812e+00 1.366341710090637207e-01
8.190616607666015625e+00 2.168174505233764648e+00
-9.008687019348144531e+00 -1.937359809875488281e+00
9.265652656555175781e+00 -1.977552413940429688e+00
-6.901433944702148438e+00 -1.858273506164550781e+00
4.910790920257568359e+00 1.308331012725830078e+00
6.233481884002685547e+00 8.042626380920410156e-01
-8.315166473388671875e+00 2.192915678024291992e+00
-4.961945056915283203e+00 1.371686220169067383e+00
5.309532165527343750e+00 8.833166956901550293e-01
8.309209823608398438e+00 -2.267924785614013672e+00
9.807906150817871094e+00 -4.628805816173553467e-01
-4.726153373718261719e+00 1.038587450981140137e+00
4.928806304931640625e+00 7.489654421806335449e-02
8.230411529541015625e+00 1.772037982940673828e+00
6.021672725677490234e+00 2.236039876937866211e+00
8.679913520812988281e+00 2.585793733596801758e-01
-1.018545341491699219e+01 4.617864489555358887e-01
-5.445361137390136719e+00 1.934191465377807617e+00
-5.586414337158203125e+00 -9.154926538467407227e-01
-5.780140876770019531e+00 -1.642568707466125488e+00
-6.897988319396972656e+00 2.547388315200805664e+00
-7.909286975860595703e+00 1.791137695312500000e+00
-5.609799861907958984e+00 -1.596647977828979492e+00
-7.653729438781738281e+00 1.551804065704345703e+00
9.797555923461914062e+00 1.036006569862365723e+00
4.779119014739990234e+00 1.514045715332031250e+00
-9.063722610473632812e+00 8.155706524848937988e-01
-5.625942230224609375e+00 -1.697741866111755371e+00
5.293896198272705078e+00 1.437493324279785156e+00
6.126093387603759766e+00 -2.279034614562988281e+00
6.878832817077636719e+00 1.544748663902282715e+00
6.877902507781982422e+00 -2.377374887466430664e+00
-5.386336326599121094e+00 8.050528764724731445e-01
-9.306464195251464844e+00 5.577852129936218262e-01
-9.656493186950683594e+00 -1.346628785133361816e+00
6.444318771362304688e+00 -1.480547547340393066e+00
1.020570468902587891e+01 -1.025335192680358887e+00
5.185028553009033203e+00 1.415761470794677734e+00
-8.423265457153320312e+00 -2.445957899093627930e+00
-5.869493484497070312e+00 1.879629969596862793e+00
8.428483963012695312e+00 -2.673943758010864258e+00
5.554955482482910156e+00 1.184164881706237793e+00
6.907868385314941406e+00 -1.961820483207702637e+00
-8.499992370605468750e+00 -2.330499410629272461e+00
6.911830902099609375e+00 2.184421777725219727e+00
-9.446960449218750000e+00 -1.189619302749633789e+00
-7.174238204956054688e+00 -2.551835060119628906e+00
8.494372367858886719e+00 -3.652765452861785889e-01
-1.004850482940673828e+01 8.467208147048950195e-01
7.273383140563964844e+00 2.236207962036132812e+00
-5.921583652496337891e+00 2.338207364082336426e-01
8.272909164428710938e+00 -8.103880882263183594e-01
8.779282569885253906e+00 1.495518326759338379e+00
5.211015701293945312e+00 1.297308921813964844e+00
5.207970619201660156e+00 5.550640225410461426e-01
-7.042408466339111328e+00 8.747743964195251465e-01
-6.597052097320556641e+00 6.006636023521423340e-01
-8.448240280151367188e+00 2.143244743347167969e+00
8.446656227111816406e+00 2.135878086090087891e+00
-1.001059055328369141e+01 -5.597745180130004883e-01
-8.778130531311035156e+00 -2.242284059524536133e+00
-5.023036956787109375e+00 -6.989114880561828613e-01
4.735121726989746094e+00 7.518731951713562012e-01
-9.937211036682128906e+00 -2.336751967668533325e-01
-9.396581649780273438e+00 -1.782235026359558105e+00
8.843467712402343750e+00 1.954923272132873535e+00
-6.916793346405029297e+00 -2.284309387207031250e+00
-6.358981132507324219e+00 -1.229745030403137207e+00
-7.799204349517822266e+00 1.465212583541870117e+00
-7.665193080902099609e+00 1.010902166366577148e+00
-7.330821514129638672e+00 -2.795043945312500000e+00
-9.372754096984863281e+00 1.742198705673217773e+00
-8.507489204406738281e+00 2.357371330261230469e+00
-5.349531650543212891e+00 2.916041016578674316e-01
7.262856006622314453e+00 2.336321592330932617e+00
-6.258279323577880859e+00 -2.014248371124267578e+00
9.979787826538085938e+00 -1.442556381225585938e+00
9.275259017944335938e+00 -1.667660713195800781e+00
6.983770847320556641e+00 2.425536394119262695e+00
7.157530784606933594e+00 6.229745745658874512e-01
-7.281585693359375000e+00 1.521919131278991699e+00
-9.569076538085937500e+00 6.452202796936035156e-01
-8.063220024108886719e+00 -1.734950542449951172e+00
6.914655208587646484e+00 1.067427471280097961e-01
7.226539611816406250e+00 -5.367111563682556152e-01
-8.627087593078613281e+00 1.433121085166931152e+00
-6.195528030395507812e+00 8.102931976318359375e-01
-6.351030826568603516e+00 -9.282361268997192383e-01
-9.989231109619140625e+00 3.305079042911529541e-01
5.984572410583496094e+00 6.628199219703674316e-01
6.972886085510253906e+00 -2.262407064437866211e+00
-9.971876144409179688e+00 1.049374103546142578e+00
8.451521873474121094e+00 1.440806388854980469e-01
9.762495040893554688e+00 -1.031225323677062988e+00
6.809844017028808594e+00 -1.281839251518249512e+00
8.976503372192382812e+00 -6.866984814405441284e-02
8.394207000732421875e+00 2.235057353973388672e+00
7.007084846496582031e+00 -2.573041915893554688e+00
4.826165199279785156e+00 1.538232326507568359e+00
-4.753251552581787109e+00 1.522137880325317383e+00
4.931732177734375000e+00 9.400781989097595215e-01
6.012996196746826172e+00 1.695537209510803223e+00
-8.512983322143554688e+00 2.025533914566040039e+00
-9.510880470275878906e+00 -1.153522372245788574e+00
-6.878872871398925781e+00 -1.768001466989517212e-01
-5.934087753295898438e+00 -1.303758025169372559e+00
-7.597995758056640625e+00 -1.941905543208122253e-02
1.072263145446777344e+01 -1.251850426197052002e-01
7.585751533508300781e+00 2.157569885253906250e+00
5.308812618255615234e+00 3.258689045906066895e-01
6.980174064636230469e+00 -2.309818267822265625e+00
7.579076766967773438e+00 -2.427268028259277344e+00
-7.107110500335693359e+00 -2.943600177764892578e+00
-4.617947578430175781e+00 6.573340892791748047e-01
-7.581139087677001953e+00 -2.155802965164184570e+00
7.973950386047363281e+00 -1.053861021995544434e+00
-5.208926677703857422e+00 9.932439327239990234e-01
-9.820941925048828125e+00 -7.559081315994262695e-01
-5.899474143981933594e+00 5.157413482666015625e-01
5.605058193206787109e+00 -1.867204785346984863e+00
5.526723384857177734e+00 -2.002252340316772461e+00
8.780292510986328125e+00 -8.365485668182373047e-01
5.871827602386474609e+00 -1.381229162216186523e-01
-6.582579612731933594e+00 2.562092304229736328e+00
7.664256095886230469e+00 1.328054785728454590e+00
-7.201996326446533203e+00 -7.804004102945327759e-02
-6.111018180847167969e+00 2.139194488525390625e+00
-5.869266033172607422e+00 9.234557747840881348e-01
-7.526721477508544922e+00 4.997053742408752441e-01
-9.139652252197265625e+00 -1.255499005317687988e+00
-9.924926757812500000e+00 3.323552608489990234e-01
9.113951683044433594e+00 -2.174852371215820312e+00
-9.586796760559082031e+00 7.016585022211074829e-02
9.087053298950195312e+00 -1.702328026294708252e-01
7.302813529968261719e+00 -2.466859102249145508e+00
-6.468295574188232422e+00 -2.861618995666503906e+00
-5.538305759429931641e+00 2.132920503616333008e+00
-6.454328060150146484e+00 -2.190204858779907227e+00
7.035269260406494141e+00 2.149699449539184570e+00
-7.928853034973144531e+00 -2.659990787506103516e+00
-6.771601676940917969e+00 1.648294448852539062e+00
1.012862491607666016e+01 4.846672713756561279e-01
6.658205032348632812e+00 1.215645432472229004e+00
6.522156715393066406e+00 -1.753337621688842773e+00
-5.684589862823486328e+00 -1.353638887405395508e+00
5.291231155395507812e+00 -7.152322530746459961e-01
-8.572402954101562500e+00 -1.517858266830444336e+00
-9.406281471252441406e+00 1.868225097656250000e+00
8.999789237976074219e+00 -1.608869910240173340e+00
-8.652809143066406250e+00 -7.196100056171417236e-02
-8.421776771545410156e+00 -2.470414638519287109e+00
9.068595886230468750e+00 1.375452876091003418e+00
-9.526116371154785156e+00 -5.369964838027954102e-01
-5.861242771148681641e+00 -1.142967462539672852e+00
7.497136592864990234e+00 1.177621960639953613e+00
5.200242996215820312e+00 -7.571359276771545410e-01
7.681339740753173828e+00 2.313636064529418945e+00
-5.790814399719238281e+00 1.614418029785156250e+00
9.095411300659179688e+00 1.856149554252624512e+00
9.652045249938964844e+00 1.021123528480529785e+00
-4.423759460449218750e+00 1.463645815849304199e+00
-8.902480125427246094e+00 -1.780461907386779785e+00
-6.389766693115234375e+00 -2.177320718765258789e-01
-8.245820999145507812e+00 -2.458734750747680664e+00
9.847994804382324219e+00 -1.204027891159057617e+00
-7.854100227355957031e+00 -2.615895509719848633e+00
9.085497856140136719e+00 5.085631087422370911e-02
5.814954280853271484e+00 -1.371343374252319336e+00
9.350003242492675781e+00 -7.686085700988769531e-01
-8.488918304443359375e+00 -2.281291723251342773e+00
4.954026222229003906e+00 7.992123961448669434e-01
-6.757345199584960938e+00 -8.309199810028076172e-01
-6.006301879882812500e+00 1.054990410804748535e+00
-7.604442596435546875e+00 2.054926395416259766e+00
1.020439338684082031e+01 3.639499545097351074e-01
6.745984554290771484e+00 -1.580644845962524414e+00
-8.549671173095703125e+00 -2.373645067214965820e+00
-7.682082653045654297e+00 -2.647452831268310547e+00
6.139983177185058594e+00 -2.779260158538818359e+00
-5.839278221130371094e+00 2.356264352798461914e+00
5.984361648559570312e+00 -1.654258131980895996e+00
7.355027675628662109e+00 -2.120922327041625977e+00
-9.860285758972167969e+00 5.166025757789611816e-01
-7.198328018188476562e+00 -2.577406883239746094e+00
-7.579853534698486328e+00 1.229476571083068848e+00
5.874136447906494141e+00 -5.072187781333923340e-01
7.750186443328857422e+00 -2.710741043090820312e+00
5.345591545104980469e+00 -1.436313867568969727e+00
9.696635246276855469e+00 -8.294495940208435059e-02
-9.743227958679199219e+00 3.115012049674987793e-01
-6.672000885009765625e+00 2.262117624282836914e+00
-6.336925983428955078e+00 1.947309374809265137e+00
8.596740722656250000e+00 -2.077811241149902344e+00
9.051003456115722656e+00 -2.711684405803680420e-01
9.940011978149414062e+00 -2.773932218551635742e-01
4.837944507598876953e+00 1.274441003799438477e+00
-5.758314609527587891e+00 2.443583488464355469e+00
-1.017185306549072266e+01 5.099284052848815918e-01
5.665751457214355469e+00 -1.849490880966186523e+00
-6.825128078460693359e+00 2.160343647003173828e+00
-6.022460937500000000e+00 -1.513606548309326172e+00
8.331862449645996094e+00 -6.466043591499328613e-01
8.946697235107421875e+00 -6.862077116966247559e-01
8.113163948059082031e+00 -1.896652817726135254e+00
-9.114994049072265625e+00 2.088917970657348633e+00
-6.299540519714355469e+00 -2.062301397323608398e+00
-1.003081321716308594e+01 4.357491731643676758e-01
-6.817807674407958984e+00 2.240970134735107422e+00
8.683343887329101562e+00 -2.363389492034912109e+00
5.928384780883789062e+00 1.093863487243652344e+00
-9.454672813415527344e+00 -1.553503274917602539e+00
8.586054801940917969e+00 1.390867114067077637e+00
7.370818614959716797e+00 -7.188524007797241211e-01
-1.008156585693359375e+01 1.121806621551513672e+00
-9.163393974304199219e+00 -2.084128618240356445e+00
6.513301849365234375e+00 2.175900697708129883e+00
8.940055847167968750e+00 -1.610152482986450195e+00
-5.993186473846435547e+00 7.712436318397521973e-01
-1.001204586029052734e+01 1.283654212951660156e+00
9.001704216003417969e+00 1.749881029129028320e+00
-7.786123752593994141e+00 7.319568991661071777e-01
-8.032721519470214844e+00 1.397256851196289062e+00
-9.790050506591796875e+00 -1.051467657089233398e+00
-9.992390632629394531e+00 1.272691130638122559e+00
5.439519405364990234e+00 -4.600950777530670166e-01
8.988563537597656250e+00 1.646673083305358887e+00
5.082215309143066406e+00 3.122220039367675781e-01
