-4.962760448455810547e+00 -2.644007205963134766e+00
-9.835485458374023438e+00 8.162402153015136719e+00
-1.629635047912597656e+01 -8.403505682945251465e-01
1.606641387939453125e+01 8.660805225372314453e-01
1.481452846527099609e+01 -4.352661132812500000e+00
6.758497714996337891e+00 1.961595937609672546e-02
1.524214458465576172e+01 -2.204562276601791382e-01
-8.469125747680664062e+00 -5.991858482360839844e+00
-9.641860008239746094e+00 -5.611734390258789062e+00
1.450507736206054688e+01 -1.604876816272735596e-01
1.332134914398193359e+01 -2.098061800003051758e+00
-1.088358402252197266e+01 8.530795097351074219e+00
-8.476665496826171875e+00 -1.699507594108581543e+00
-1.432427644729614258e+00 -3.678985595703125000e+00
-5.993078231811523438e+00 -1.705481171607971191e+00
1.397684478759765625e+01 9.271438121795654297e-01
-1.304519367218017578e+01 -3.260100841522216797e+00
-1.088570594787597656e+01 8.538491249084472656e+00
-1.081344223022460938e+01 5.741357803344726562e+00
1.001570415496826172e+01 -6.382133960723876953e+00
-5.781468868255615234e+00 1.447510361671447754e+00
-9.087989807128906250e+00 8.135337829589843750e+00
1.326682281494140625e+01 4.000108242034912109e+00
-9.554871559143066406e+00 8.206410408020019531e+00
7.437187194824218750e+00 -6.269063472747802734e+00
-4.994138240814208984e+00 3.071349859237670898e+00
1.590545940399169922e+01 4.537688493728637695e-01
-9.453216552734375000e+00 4.347098350524902344e+00
1.410070228576660156e+01 -2.846648454666137695e+00
-1.489667224884033203e+01 -3.077177524566650391e+00
6.820666790008544922e+00 2.965903759002685547e+00
7.332729816436767578e+00 -3.950129032135009766e+00
9.732468605041503906e+00 -5.706502914428710938e+00
7.745577812194824219e+00 4.255304932594299316e-01
-1.161083126068115234e+01 -3.624902248382568359e+00
1.406117439270019531e+01 -4.845293045043945312e+00
1.607260513305664062e+01 8.361643552780151367e-01
4.698832511901855469e+00 5.744416713714599609e-01
-4.166109085083007812e+00 7.033889770507812500e+00
-4.377779960632324219e+00 2.947278738021850586e+00
5.813498020172119141e+00 2.400948762893676758e+00
-8.575205802917480469e+00 2.287769794464111328e+00
-6.568393230438232422e+00 -1.730898976325988770e+00
-5.938220024108886719e+00 -4.345451831817626953e+00
-5.944921016693115234e+00 1.298502922058105469e+00
7.281422138214111328e+00 -4.045638084411621094e+00
8.162065505981445312e+00 1.667980790138244629e+00
-9.139414787292480469e+00 5.391332626342773438e+00
7.751582622528076172e+00 -8.030108362436294556e-02
-1.129501152038574219e+01 -3.784233331680297852e+00
1.342394351959228516e+01 -5.679087162017822266e+00
-1.026107311248779297e+01 8.151706695556640625e+00
-1.243606472015380859e+01 6.501585960388183594e+00
-8.355378150939941406e+00 -5.801127910614013672e+00
-1.314972591400146484e+01 3.403882980346679688e+00
-8.449474334716796875e+00 -6.033246517181396484e+00
-1.290446662902832031e+01 -1.569496870040893555e+00
-9.459213256835937500e+00 8.212963104248046875e+00
6.939797878265380859e+00 -4.207905769348144531e+00
8.090641021728515625e+00 5.039855092763900757e-02
-1.539643573760986328e+01 -5.249464035034179688e+00
-3.866092443466186523e+00 -3.312858819961547852e+00
1.239235973358154297e+01 4.130218505859375000e+00
-4.999863624572753906e+00 2.596583366394042969e+00
1.028626537322998047e+01 -2.308005571365356445e+00
1.238606166839599609e+01 -6.095723509788513184e-01
8.075820922851562500e+00 -6.460214614868164062e+00
-4.954470157623291016e+00 6.078979492187500000e+00
6.918123245239257812e+00 -4.352473735809326172e+00
-3.181032180786132812e+00 8.066561698913574219e+00
3.780403852462768555e+00 -3.380352973937988281e+00
6.728408813476562500e+00 -4.294075012207031250e+00
-4.616334915161132812e+00 6.449300289154052734e+00
1.436925697326660156e+01 2.402639865875244141e+00
-3.477883577346801758e+00 7.765209674835205078e+00
8.074203491210937500e+00 -6.371464729309082031e+00
6.791438579559326172e+00 2.742512702941894531e+00
-1.564215755462646484e+01 8.037474751472473145e-01
1.339675807952880859e+01 -5.684918403625488281e+00
1.516682052612304688e+01 -3.725313663482666016e+00
-1.632090759277343750e+01 -8.879187107086181641e-01
-8.715870857238769531e+00 -5.924383640289306641e+00
-1.509086132049560547e+00 -3.570301532745361328e+00
-4.695810794830322266e+00 5.685176372528076172e+00
-9.738194465637207031e+00 8.294943809509277344e+00
-9.247075080871582031e+00 -2.757730245590209961e+00
-4.936437606811523438e+00 1.628092885017395020e+00
3.998683929443359375e+00 -3.637658119201660156e+00
1.134852027893066406e+01 3.500663995742797852e+00
-8.449893951416015625e+00 2.018517255783081055e+00
-1.627630805969238281e+01 -9.896273016929626465e-01
-7.938484668731689453e+00 6.605253696441650391e+00
-1.107485580444335938e+01 3.798549413681030273e+00
1.445883941650390625e+01 2.904908418655395508e+00
-1.257236671447753906e+01 -5.802048742771148682e-02
1.405217266082763672e+01 7.390437722206115723e-01
8.012033462524414062e+00 2.233321815729141235e-01
1.525760459899902344e+01 -3.078103780746459961e+00
3.658124685287475586e+00 -1.328276157379150391e+00
1.270582103729248047e+01 9.826027750968933105e-01
3.577557325363159180e+00 -3.562345266342163086e+00
-7.432910919189453125e+00 6.370878696441650391e+00
1.284341812133789062e+01 -3.793887853622436523e+00
-9.487380027770996094e+00 7.123169898986816406e-01
-2.623814582824707031e+00 8.652508735656738281e+00
9.176117897033691406e+00 -1.431448936462402344e+00
4.105441570281982422e+00 -3.917449235916137695e+00
8.795469284057617188e+00 -6.557032585144042969e+00
1.403314018249511719e+01 -5.121228694915771484e+00
4.930311203002929688e+00 -9.867127537727355957e-01
1.443594932556152344e+01 -4.738134860992431641e+00
-4.279565334320068359e+00 3.008703470230102539e+00
-1.073185920715332031e+01 5.865717530250549316e-01
1.362013053894042969e+01 -2.541328191757202148e+00
1.105844306945800781e+01 -6.579148292541503906e+00
-9.522612571716308594e+00 8.279808044433593750e+00
-1.502266788482666016e+01 -2.681193113327026367e+00
-9.708658218383789062e+00 -5.615897655487060547e+00
9.640280723571777344e+00 -5.453329563140869141e+00
1.289714908599853516e+01 -1.381281495094299316e+00
-3.539913177490234375e+00 -3.886189699172973633e+00
6.119376182556152344e+00 2.602962732315063477e+00
-1.933587193489074707e+00 9.227598190307617188e+00
-7.030883312225341797e+00 -3.132448434829711914e+00
-8.386645317077636719e+00 -1.251616120338439941e+00
-1.622584342956542969e+01 -1.072821378707885742e+00
1.019556999206542969e+01 2.353742361068725586e+00
-3.519245862960815430e+00 7.721384048461914062e+00
-9.099096298217773438e+00 2.208113193511962891e+00
-4.727227687835693359e+00 -2.730587482452392578e+00
-1.362467527389526367e+00 -3.617789030075073242e+00
8.827876091003417969e+00 -3.957641363143920898e+00
1.388166809082031250e+01 -5.411703586578369141e+00
-4.059072971343994141e+00 -3.336118221282958984e+00
-6.794121742248535156e+00 -3.459343194961547852e+00
-9.722507476806640625e+00 -2.686076641082763672e+00
-1.048490715026855469e+01 5.431674480438232422e+00
-1.168405628204345703e+01 1.596856832504272461e+00
-1.473978710174560547e+01 -3.891048669815063477e+00
-8.877624511718750000e+00 -1.960246205329895020e+00
-1.433675098419189453e+01 -3.606492042541503906e+00
3.513325929641723633e+00 -2.165008783340454102e+00
9.560089111328125000e+00 -5.226981163024902344e+00
1.200084018707275391e+01 -8.055139333009719849e-03
-1.437749385833740234e+01 -2.666482210159301758e+00
1.291405487060546875e+01 -6.192306518554687500e+00
-1.024994659423828125e+01 7.421195507049560547e-01
5.397699832916259766e+00 1.802462935447692871e+00
-4.986189842224121094e+00 5.094994544982910156e+00
-1.727076530456542969e+00 -3.727471828460693359e+00
1.055327224731445312e+01 2.709019660949707031e+00
1.227035522460937500e+01 4.104015350341796875e+00
-4.903743743896484375e+00 1.617421388626098633e+00
-1.086207771301269531e+01 8.549858093261718750e+00
-9.771821975708007812e+00 -2.658008337020874023e+00
-5.066673278808593750e+00 1.232600092887878418e+00
1.363071060180664062e+01 -3.895177841186523438e+00
1.376251983642578125e+01 -3.100014925003051758e+00
3.975383520126342773e+00 -2.972928524017333984e+00
-5.144037246704101562e+00 4.891533374786376953e+00
8.953832626342773438e+00 -6.544070720672607422e+00
-1.043825435638427734e+01 3.693507194519042969e+00
1.361787128448486328e+01 2.527881383895874023e+00
1.286403846740722656e+01 2.011509656906127930e+00
-8.898147583007812500e+00 3.030496597290039062e+00
1.423991680145263672e+01 1.570878505706787109e+00
-9.248374938964843750e+00 1.681740760803222656e+00
-9.938111305236816406e+00 3.232113838195800781e+00
1.553613471984863281e+01 1.504279494285583496e+00
1.518807983398437500e+01 -3.070601224899291992e+00
-1.213592052459716797e+01 4.161633968353271484e+00
1.379709815979003906e+01 -4.850145816802978516e+00
-1.353478050231933594e+01 -2.320821523666381836e+00
1.273166751861572266e+01 1.896151542663574219e+00
1.481572055816650391e+01 2.214726924896240234e+00
-8.941512107849121094e+00 2.586752891540527344e+00
3.544076204299926758e+00 -1.276053667068481445e+00
1.394223117828369141e+01 -5.082818031311035156e+00
1.450867557525634766e+01 -4.808604240417480469e+00
6.738580226898193359e+00 -4.321550369262695312e+00
-5.501347780227661133e-01 -3.473125457763671875e+00
4.151177406311035156e+00 -6.012561917304992676e-01
-1.076212596893310547e+01 7.809162139892578125e+00
1.182576179504394531e+01 -2.681761980056762695e+00
-1.339244651794433594e+01 -2.043851375579833984e+00
-8.740196228027343750e+00 2.288425207138061523e+00
1.178352260589599609e+01 6.046875715255737305e-01
1.231085395812988281e+01 -6.274815082550048828e+00
-9.402664184570312500e+00 -2.223082065582275391e+00
-6.444086074829101562e+00 -4.829394817352294922e+00
-1.251784420013427734e+01 1.999995708465576172e+00
-8.699159622192382812e+00 -1.050307273864746094e+00
-1.569658565521240234e+01 1.031977653503417969e+00
7.240844726562500000e+00 2.307498604059219360e-01
-1.195240783691406250e+01 -2.249027252197265625e+00
1.145296382904052734e+01 -3.031326055526733398e+00
-1.307416915893554688e+01 3.436445474624633789e+00
1.067244243621826172e+01 2.844178676605224609e+00
-8.176629066467285156e+00 -5.964970588684082031e+00
2.208011299371719360e-01 -3.463250160217285156e+00
8.969185829162597656e+00 -3.490858316421508789e+00
-8.731810569763183594e+00 1.987991183996200562e-01
1.218165111541748047e+01 4.103987693786621094e+00
-4.123910903930664062e+00 3.492140769958496094e+00
-1.085432243347167969e+01 8.585227012634277344e+00
-9.851424217224121094e+00 5.149026870727539062e+00
-8.851615905761718750e+00 2.600718259811401367e+00
1.048097229003906250e+01 2.635811805725097656e+00
-1.188613605499267578e+01 4.146061420440673828e+00
-9.058805465698242188e+00 3.606699705123901367e+00
1.060945510864257812e+01 2.893955945968627930e+00
9.985493659973144531e+00 -6.146906852722167969e+00
9.915291786193847656e+00 -3.116116285324096680e+00
1.340855312347412109e+01 -1.982120037078857422e+00
-7.879924774169921875e+00 6.130918979644775391e+00
-2.457167863845825195e+00 8.883252143859863281e+00
-8.022947907447814941e-01 -3.482388496398925781e+00
1.442441844940185547e+01 1.992774605751037598e+00
1.370250129699707031e+01 -2.664051294326782227e+00
6.720890045166015625e+00 -5.133109569549560547e+00
1.376135158538818359e+01 3.826060771942138672e+00
7.757536411285400391e+00 -3.767761707305908203e+00
1.142843961715698242e+00 -3.099853277206420898e+00
1.128026485443115234e+01 -3.094362974166870117e+00
1.212500476837158203e+01 1.683264017105102539e+00
1.528575229644775391e+01 -2.926713466644287109e+00
1.452646160125732422e+01 2.656850099563598633e+00
-1.497251415252685547e+01 -4.063078403472900391e+00
9.620036125183105469e+00 -6.584744453430175781e+00
-1.581785583496093750e+01 8.802484273910522461e-01
-1.618681335449218750e+01 -1.077234983444213867e+00
-1.038390064239501953e+01 3.739535808563232422e+00
5.856404781341552734e+00 -8.210703730583190918e-02
1.097082138061523438e+01 -2.618780374526977539e+00
1.498909091949462891e+01 -4.393669605255126953e+00
1.400239086151123047e+01 -5.186926364898681641e+00
6.833953380584716797e+00 3.065755844116210938e+00
-2.124062776565551758e+00 9.084309577941894531e+00
-1.230065917968750000e+01 6.834655761718750000e+00
-1.091979217529296875e+01 5.415752410888671875e+00
1.273085212707519531e+01 2.054256200790405273e+00
1.298532199859619141e+01 -3.804584980010986328e+00
-1.472405624389648438e+01 -3.558260202407836914e+00
-5.559365749359130859e+00 5.333786487579345703e+00
7.886445999145507812e+00 9.931573271751403809e-01
-6.403388500213623047e+00 -3.542622566223144531e+00
1.175623798370361328e+01 -3.371313095092773438e+00
1.567237472534179688e+01 2.863822579383850098e-01
1.146957015991210938e+01 4.753647744655609131e-01
-4.849143028259277344e+00 6.363950252532958984e+00
1.398186111450195312e+01 1.884384036064147949e+00
-5.164945125579833984e+00 -2.050872325897216797e+00
9.177784919738769531e+00 -1.608145117759704590e+00
-1.627079963684082031e+01 -6.253833770751953125e-01
-6.625641345977783203e+00 -3.182694911956787109e+00
-5.209381580352783203e+00 1.553323149681091309e+00
4.214997768402099609e+00 -2.565429210662841797e-01
1.256791019439697266e+01 1.899496555328369141e+00
-8.919071197509765625e+00 -1.712208986282348633e+00
-1.217810249328613281e+01 1.788237392902374268e-01
-9.879913330078125000e+00 5.266017436981201172e+00
-1.232068634033203125e+01 6.811766624450683594e+00
-1.480981731414794922e+01 -2.944441318511962891e+00
-4.829007148742675781e+00 1.616357684135437012e+00
6.942833900451660156e+00 3.171037435531616211e+00
-8.560670852661132812e+00 -1.445811152458190918e+00
-3.324162006378173828e+00 7.915551185607910156e+00
9.315599441528320312e+00 -4.262689113616943359e+00
1.593414974212646484e+01 5.192538499832153320e-01
-1.395532417297363281e+01 -2.808340072631835938e+00
8.909736633300781250e+00 -1.152396202087402344e+00
-1.281618309020996094e+01 2.635701656341552734e+00
-8.854592323303222656e+00 2.028595209121704102e+00
1.531778240203857422e+01 8.840091824531555176e-01
-5.030899524688720703e+00 -4.263210296630859375e+00
9.905803680419921875e+00 -6.524033546447753906e+00
-5.524739742279052734e+00 9.883890151977539062e-01
-2.011176109313964844e+00 9.162448883056640625e+00
8.769458770751953125e+00 1.903940916061401367e+00
-1.579262542724609375e+01 9.238455891609191895e-01
-8.259776115417480469e+00 7.665156364440917969e+00
6.344932079315185547e+00 2.669695138931274414e+00
8.579112052917480469e+00 -6.516022205352783203e+00
1.342304325103759766e+01 -4.123848438262939453e+00
-8.185262680053710938e+00 7.314072132110595703e+00
-3.371974229812622070e+00 7.871461391448974609e+00
1.429618835449218750e+01 7.712034583091735840e-01
1.364978885650634766e+01 3.799954414367675781e+00
1.240557193756103516e+01 -8.116542696952819824e-01
-1.538806724548339844e+01 -5.228872299194335938e+00
-1.069778347015380859e+01 7.542109012603759766e+00
-5.210101604461669922e+00 4.913859367370605469e+00
-4.930836200714111328e+00 5.324399948120117188e+00
-1.248948001861572266e+01 6.697451114654541016e+00
-1.296993160247802734e+01 1.978436470031738281e+00
-4.839960575103759766e+00 5.659574031829833984e+00
-1.245343875885009766e+01 1.802071332931518555e+00
1.403808116912841797e+01 -5.193075656890869141e+00
-2.073490858078002930e+00 9.128457069396972656e+00
-1.226237487792968750e+01 -1.840121984481811523e+00
-4.775420665740966797e+00 6.089131355285644531e+00
-1.959146618843078613e+00 9.175957679748535156e+00
3.402931928634643555e+00 -3.269492864608764648e+00
1.055824470520019531e+01 2.386390924453735352e+00
5.426373481750488281e+00 -4.944880962371826172e+00
-8.409054756164550781e+00 5.717874526977539062e+00
-1.156493091583251953e+01 -2.314784765243530273e+00
-6.433053493499755859e+00 -4.528481006622314453e+00
6.391760349273681641e+00 -2.751816511154174805e-01
1.284187793731689453e+01 -6.185744762420654297e+00
-1.881355643272399902e+00 9.267403602600097656e+00
-3.650714397430419922e+00 -3.585444927215576172e+00
-1.093916034698486328e+01 5.478976726531982422e+00
8.146655082702636719e+00 -6.464501380920410156e+00
6.903978824615478516e+00 2.834517478942871094e+00
6.554961681365966797e+00 -4.672950744628906250e+00
-4.298359870910644531e+00 -3.027564287185668945e+00
1.278039836883544922e+01 1.944714307785034180e+00
-6.712880134582519531e+00 -3.510839223861694336e+00
-6.545267105102539062e-01 -3.444272994995117188e+00
1.040897178649902344e+01 -1.408053278923034668e+00
-1.531883716583251953e+01 -5.010902881622314453e+00
1.386815643310546875e+01 2.673500061035156250e+00
-9.149466514587402344e+00 3.326594829559326172e+00
9.225855827331542969e+00 -1.443501114845275879e+00
1.447455978393554688e+01 5.615128874778747559e-01
-2.091450691223144531e+00 9.050435066223144531e+00
5.910544395446777344e+00 2.507143974304199219e+00
-1.078712654113769531e+01 1.023551344871520996e+00
-9.171372413635253906e+00 2.270112752914428711e+00
-1.586623096466064453e+01 7.064306735992431641e-01
1.576709365844726562e+01 4.630720615386962891e-01
-8.430759429931640625e+00 -6.003292083740234375e+00
-4.497488021850585938e+00 -2.839918375015258789e+00
-5.576361656188964844e+00 6.376007080078125000e+00
-3.160643339157104492e+00 8.082982063293457031e+00
-8.399664878845214844e+00 -5.936132431030273438e+00
-5.847683906555175781e+00 -4.676567077636718750e+00
1.577507209777832031e+01 4.032130837440490723e-01
-4.666945934295654297e+00 1.982405662536621094e+00
-5.916333198547363281e+00 1.735476374626159668e+00
-1.221250152587890625e+01 1.281988143920898438e+00
-1.199635696411132812e+01 8.128885626792907715e-01
-5.389218926429748535e-01 -3.465045928955078125e+00
-1.470070648193359375e+01 -2.922569751739501953e+00
-1.622936248779296875e+01 -1.035044074058532715e+00
-7.976074695587158203e+00 6.212049007415771484e+00
1.401309108734130859e+01 3.305401325225830078e+00
-4.793326377868652344e+00 3.078340768814086914e+00
1.260671234130859375e+01 -6.249182701110839844e+00
9.922563552856445312e+00 -6.330863952636718750e+00
1.377914237976074219e+01 3.685603380203247070e+00
1.078858375549316406e+01 9.169419407844543457e-01
-1.209657955169677734e+01 2.113772153854370117e+00
-1.155180072784423828e+01 -3.367682218551635742e+00
-5.972276687622070312e+00 -1.399897336959838867e+00
8.622945785522460938e+00 3.246234655380249023e-01
8.197646141052246094e+00 4.521350190043449402e-02
-1.249103355407714844e+01 -1.607013821601867676e+00
-1.014809131622314453e+01 3.500836610794067383e+00
-6.970474243164062500e+00 1.701997995376586914e+00
-9.671214103698730469e+00 -5.597202777862548828e+00
8.124952316284179688e+00 1.586804151535034180e+00
6.376260280609130859e+00 -5.427115440368652344e+00
-1.482019042968750000e+01 -3.682218551635742188e+00
1.188246726989746094e+01 -4.014462828636169434e-01
1.422968578338623047e+01 -5.280149459838867188e+00
7.361677646636962891e+00 -6.041909754276275635e-02
1.287262153625488281e+01 -1.920740604400634766e+00
1.572384548187255859e+01 5.162178277969360352e-01
5.993413925170898438e+00 -5.344027519226074219e+00
-2.261416912078857422e+00 8.995236396789550781e+00
-8.823724746704101562e+00 7.889613628387451172e+00
-2.870352268218994141e+00 8.351128578186035156e+00
1.194251823425292969e+01 4.071859836578369141e+00
-1.579352951049804688e+01 8.713251352310180664e-01
-6.605438709259033203e+00 -4.048173427581787109e+00
-8.442457199096679688e+00 1.068631768226623535e+00
-5.060505390167236328e+00 4.517118930816650391e+00
-8.931733131408691406e+00 -2.846909463405609131e-01
1.336562919616699219e+01 -5.886771202087402344e+00
1.426818561553955078e+01 2.022523880004882812e+00
5.768805980682373047e+00 2.357325792312622070e+00
6.265879631042480469e+00 -5.237681388854980469e+00
6.657957077026367188e+00 -5.618567943572998047e+00
1.093073487281799316e+00 -3.235364198684692383e+00
-7.661223888397216797e+00 6.926041126251220703e+00
-5.462930679321289062e+00 -6.843676567077636719e-01
8.929798126220703125e+00 -1.306830644607543945e+00
-8.294036865234375000e+00 5.963450431823730469e+00
-7.345945835113525391e+00 -5.274065971374511719e+00
-9.269914627075195312e+00 3.819463729858398438e+00
3.447222471237182617e+00 -1.745912432670593262e+00
3.027115106582641602e+00 -2.251893281936645508e+00
1.055541133880615234e+01 -2.667758226394653320e+00
7.729843616485595703e+00 4.532265663146972656e-01
-1.237065887451171875e+01 6.732148170471191406e+00
1.171444606781005859e+01 7.011096477508544922e-01
-9.092770576477050781e+00 5.305385589599609375e-01
-1.248966598510742188e+01 4.269210815429687500e+00
-1.014531993865966797e+01 3.686821937561035156e+00
-9.919401168823242188e+00 5.156713724136352539e-01
-6.880609989166259766e+00 -2.539852857589721680e+00
-9.915205955505371094e+00 -5.396852016448974609e+00
9.428319931030273438e+00 -6.599964618682861328e+00
-1.116114997863769531e+01 -3.050722837448120117e+00
1.245399475097656250e+01 -2.293450117111206055e+00
6.435836315155029297e+00 -5.631091117858886719e+00
1.905583262443542480e+00 -3.036896467208862305e+00
-1.085474872589111328e+01 8.034009933471679688e+00
-4.410645008087158203e+00 3.087236881256103516e+00
1.312379837036132812e+01 2.303570985794067383e+00
-1.630073547363281250e+00 -3.698668479919433594e+00
-1.199520874023437500e+01 3.548969268798828125e+00
1.519798946380615234e+01 -3.352556467056274414e+00
1.021880435943603516e+01 1.670822024345397949e+00
5.301697731018066406e+00 -9.611058831214904785e-01
-5.131954193115234375e+00 5.174080848693847656e+00
4.529304504394531250e+00 1.510489135980606079e-01
-6.326068401336669922e+00 -1.869648814201354980e+00
-1.487322235107421875e+01 -2.622547149658203125e+00
9.770359039306640625e+00 -5.712505817413330078e+00
-8.948406219482421875e+00 -1.604202747344970703e+00
-3.048679351806640625e+00 -3.865331888198852539e+00
1.504742050170898438e+01 8.886445313692092896e-02
-9.592379570007324219e+00 -2.703077316284179688e+00
-5.046404361724853516e+00 4.077027797698974609e+00
1.121094036102294922e+01 9.273259639739990234e-01
4.628807067871093750e+00 2.483824193477630615e-01
1.444788742065429688e+01 2.233201742172241211e+00
-1.057591342926025391e+01 5.502456188201904297e+00
1.595945262908935547e+01 7.504249215126037598e-01
1.543492984771728516e+01 -1.538690924644470215e+00
-9.601935386657714844e+00 8.341384887695312500e+00
-6.045689582824707031e+00 -3.032587051391601562e+00
-8.527906417846679688e+00 1.755294203758239746e+00
-3.391020536422729492e+00 -3.433615446090698242e+00
1.394548225402832031e+01 -5.292304039001464844e+00
-1.361413836479187012e+00 -3.536498069763183594e+00
1.242567062377929688e+01 -1.929479598999023438e+00
4.742967605590820312e+00 -5.398194789886474609e-01
1.138511562347412109e+01 -3.246022701263427734e+00
-4.630523204803466797e+00 -2.597235679626464844e+00
-3.273234367370605469e+00 7.973796367645263672e+00
-6.894332885742187500e+00 1.370817184448242188e+00
-1.023194217681884766e+01 3.820949554443359375e+00
-1.319154644012451172e+01 2.815416097640991211e+00
1.505540752410888672e+01 -4.331205844879150391e+00
6.807731151580810547e+00 -2.657364904880523682e-01
-3.515292406082153320e+00 -3.784595012664794922e+00
-9.498803615570068359e-01 -3.518076896667480469e+00
1.786372065544128418e+00 -3.291005611419677734e+00
-1.183661651611328125e+01 7.171419143676757812e+00
5.293728828430175781e+00 -5.632323622703552246e-01
6.742234706878662109e+00 -4.351842880249023438e+00
-1.165772533416748047e+01 -3.569569349288940430e+00
-5.475821495056152344e-01 -3.481158971786499023e+00
-1.225418376922607422e+01 1.613992691040039062e+00
7.453415393829345703e+00 3.791121840476989746e-01
7.925787925720214844e+00 -6.399322509765625000e+00
3.453647851943969727e+00 -1.511204004287719727e+00
1.333896541595458984e+01 -3.423615932464599609e+00
-1.145173168182373047e+01 -3.538982629776000977e+00
-1.268930721282958984e+01 4.650008678436279297e+00
-1.172199249267578125e+01 4.661284446716308594e+00
9.512395858764648438e+00 -6.495527267456054688e+00
1.176860237121582031e+01 -2.635090351104736328e+00
1.351929187774658203e+01 -4.382920742034912109e+00
-2.265854835510253906e+00 8.988372802734375000e+00
-1.088184547424316406e+01 8.484920501708984375e+00
-1.535467243194580078e+01 -5.242885589599609375e+00
3.321676015853881836e+00 -1.968509793281555176e+00
-1.283941745758056641e+01 4.099314212799072266e+00
-5.072386264801025391e+00 3.286942958831787109e+00
9.671313285827636719e+00 -1.735127210617065430e+00
1.100138568878173828e+01 -2.941256523132324219e+00
7.625959396362304688e+00 -4.044858932495117188e+00
-1.589265060424804688e+01 -1.495640635490417480e+00
-4.574175834655761719e+00 3.274856328964233398e+00
-9.812328338623046875e+00 -5.477484703063964844e+00
-1.283621692657470703e+01 4.059569358825683594e+00
9.118970870971679688e+00 -6.584063529968261719e+00
7.942876338958740234e+00 2.153493642807006836e+00
-6.311408519744873047e+00 -4.571324348449707031e+00
1.438964080810546875e+01 5.310648083686828613e-01
8.190008163452148438e+00 -3.087087869644165039e-01
-1.540693664550781250e+01 -5.244844436645507812e+00
-3.284065008163452148e+00 -3.930120944976806641e+00
1.262676143646240234e+01 4.085675716400146484e+00
9.797176361083984375e+00 -5.862344741821289062e+00
-9.543351173400878906e+00 3.849889278411865234e+00
-1.541548061370849609e+01 -5.260705471038818359e+00
1.550506019592285156e+01 1.156529635190963745e-01
-1.167375373840332031e+01 4.714518487453460693e-01
-1.210525321960449219e+01 5.413259863853454590e-01
-6.618777275085449219e+00 -4.728330612182617188e+00
-1.472882652282714844e+01 -3.772417783737182617e+00
4.987261295318603516e+00 5.172187089920043945e-01
1.551607418060302734e+01 -6.488592922687530518e-02
5.827530860900878906e+00 2.383008003234863281e+00
