-3.793106460571289062e+01 1.280564427375793457e+00
8.353754997253417969e+00 3.071076774597167969e+01
-1.565502434968948364e-01 4.085367965698242188e+01
4.049096298217773438e+01 5.653495788574218750e+00
3.216332244873046875e+01 -2.594520378112792969e+01
1.369157314300537109e+01 -2.517657852172851562e+01
3.585738754272460938e+01 -1.615426063537597656e+01
-4.177607345581054688e+01 3.175523996353149414e+00
-3.890845108032226562e+01 1.203824901580810547e+01
3.238317871093750000e+01 -1.792436790466308594e+01
3.006783866882324219e+01 -2.604316329956054688e+01
1.204635715484619141e+01 3.520134353637695312e+01
-3.304887390136718750e+01 1.619234275817871094e+01
-3.726216888427734375e+01 -9.985196113586425781e+00
-3.245562744140625000e+01 7.467244625091552734e+00
3.763879394531250000e+01 -9.373950004577636719e+00
-3.393212509155273438e+01 2.338849258422851562e+01
1.273983001708984375e+01 3.458636856079101562e+01
-2.228489398956298828e+00 3.343692398071289062e+01
1.702913522720336914e+00 -3.635934448242187500e+01
-1.902998733520507812e+01 5.778466224670410156e+00
5.995086669921875000e+00 2.964407348632812500e+01
3.775350570678710938e+01 6.764370918273925781e+00
8.324856758117675781e+00 3.077763175964355469e+01
-7.724201202392578125e+00 -3.256560516357421875e+01
-2.299048423767089844e+01 6.329173564910888672e+00
4.053623962402343750e+01 -5.194988250732421875e+00
-9.270032882690429688e+00 2.898291397094726562e+01
3.141654014587402344e+01 -2.552716255187988281e+01
-1.521673774719238281e+01 3.781277847290039062e+01
2.865417098999023438e+01 -3.483621358871459961e+00
6.399876117706298828e+00 -3.729845809936523438e+01
1.288548660278320312e+01 -3.838974380493164062e+01
1.835806274414062500e+01 -2.194432258605957031e+01
-3.410971450805664062e+01 1.991779327392578125e+01
2.510150909423828125e+01 -3.402853012084960938e+01
4.087645721435546875e+01 3.341752529144287109e+00
1.552256870269775391e+01 -2.211065101623535156e+01
-3.386276245117187500e+00 5.764511108398437500e+00
-2.761933898925781250e+01 9.181295633316040039e-01
2.166728019714355469e+01 -1.058538722991943359e+01
-2.155196189880371094e+01 2.129295158386230469e+01
-3.307907867431640625e+01 7.607883930206298828e+00
-4.171560287475585938e+01 7.649551033973693848e-01
-2.309757423400878906e+01 8.176326751708984375e+00
6.449201583862304688e+00 -3.726213455200195312e+01
2.339652824401855469e+01 -1.247874450683593750e+01
-4.046000003814697266e+00 2.994599151611328125e+01
1.687754631042480469e+01 -2.823703002929687500e+01
-3.535271453857421875e+01 1.680359458923339844e+01
1.474340438842773438e+01 -3.640438079833984375e+01
1.389625358581542969e+01 3.304861831665039062e+01
8.982476234436035156e+00 3.974125671386718750e+01
-4.058985519409179688e+01 5.672453880310058594e+00
-2.755703926086425781e+00 3.764560317993164062e+01
-4.237016296386718750e+01 3.579869866371154785e-01
-1.638795280456542969e+01 3.540725326538085938e+01
8.610517501831054688e+00 3.073600959777832031e+01
6.134045124053955078e+00 -3.624523544311523438e+01
1.868861579895019531e+01 -2.599507331848144531e+01
-4.326627349853515625e+01 2.926516532897949219e+00
-3.981013107299804688e+01 -2.783156633377075195e+00
3.672607421875000000e+01 4.037796497344970703e+00
-2.442410850524902344e+01 5.736925125122070312e+00
2.372343635559082031e+01 -3.807758712768554688e+01
2.849223709106445312e+01 -2.174822235107421875e+01
-5.916573524475097656e+00 -3.360430526733398438e+01
-1.328294944763183594e+01 8.817996978759765625e+00
6.227070808410644531e+00 -3.692725753784179688e+01
2.001642608642578125e+01 -1.686379909515380859e+00
-1.644772887229919434e-01 -2.952447700500488281e+01
6.135885715484619141e+00 -3.656475830078125000e+01
-1.349579143524169922e+01 7.112448215484619141e+00
3.962186050415039062e+01 1.688759446144104004e+00
1.709532737731933594e+01 -8.164787292480468750e-01
-5.359692573547363281e+00 -3.356294631958007812e+01
2.300618171691894531e+01 -7.372698307037353516e+00
-1.085470676422119141e+01 3.690182876586914062e+01
1.613962364196777344e+01 -3.602159500122070312e+01
3.383735656738281250e+01 -2.424665451049804688e+01
-4.006039798259735107e-01 4.101900863647460938e+01
-4.129082107543945312e+01 5.158500671386718750e+00
-3.898030853271484375e+01 -5.702061176300048828e+00
-2.114103317260742188e+01 4.497270584106445312e+00
1.436445522308349609e+01 3.219528198242187500e+01
-3.529015350341796875e+01 1.080713653564453125e+01
-2.821488761901855469e+01 1.434191346168518066e+00
-3.454965353012084961e+00 -3.115153694152832031e+01
3.029008102416992188e+01 -4.672550678253173828e+00
-2.276976776123046875e+01 2.005622291564941406e+01
1.452559709548950195e+00 4.060151672363281250e+01
-3.803982734680175781e+00 2.765526580810546875e+01
-1.057038688659667969e+01 3.207508850097656250e+01
3.996949005126953125e+01 6.794793605804443359e+00
-1.670357513427734375e+01 3.387944412231445312e+01
3.731858444213867188e+01 -1.323943424224853516e+01
1.847985458374023438e+01 -2.306735038757324219e+01
3.465652465820312500e+01 -2.118075752258300781e+01
7.812608718872070312e+00 -2.692665672302246094e+01
3.672224426269531250e+01 -1.187589454650878906e+01
-6.289404869079589844e+00 -3.154937362670898438e+01
-5.353621482849121094e+00 2.603056335449218750e+01
2.476841545104980469e+01 -3.670087814331054688e+01
-2.216604042053222656e+01 2.436767196655273438e+01
3.000723075866699219e+01 2.259917020797729492e+00
2.116996765136718750e+01 -3.679584884643554688e+01
-3.144825935363769531e+00 -3.099366760253906250e+01
-8.626097679138183594e+00 -3.274261093139648438e+01
2.423357009887695312e+01 -3.421375274658203125e+01
6.928535461425781250e+00 -2.755968666076660156e+01
2.512567901611328125e+01 -3.375413513183593750e+01
-2.829104423522949219e+01 2.464683055877685547e-01
-2.073288917541503906e+01 2.791510009765625000e+01
2.998376464843750000e+01 -2.660137748718261719e+01
-3.542245388031005859e+00 -3.483329391479492188e+01
8.373695373535156250e+00 3.075350952148437500e+01
-3.282115936279296875e+00 4.081718444824218750e+01
-3.831312942504882812e+01 1.323466968536376953e+01
1.280358886718750000e+01 -3.891540145874023438e+01
2.921386146545410156e+01 -2.452091217041015625e+01
-4.050448226928710938e+01 -6.506300926208496094e+00
1.750264549255371094e+01 -4.140360355377197266e-01
3.316722869873046875e+01 4.685030937194824219e+00
-3.560766220092773438e+01 6.884176254272460938e+00
-3.232992553710937500e+01 1.649110031127929688e+01
-6.042091250419616699e-01 4.120169067382812500e+01
2.970076942443847656e+01 -7.170741081237792969e+00
1.702489662170410156e+01 -6.384657382965087891e+00
-1.953699302673339844e+01 2.492192077636718750e+01
-3.815546417236328125e+01 6.142845153808593750e-01
-3.956167984008789062e+01 -7.824807167053222656e+00
1.145986175537109375e+01 -3.891630172729492188e+01
3.512571334838867188e+01 -2.143175506591796875e+01
-4.042794799804687500e+01 -2.910414218902587891e+00
-3.760738754272460938e+01 4.113664627075195312e+00
-3.455246353149414062e+01 1.486862373352050781e+01
-3.660090208053588867e+00 3.228960418701171875e+01
-1.613529396057128906e+01 3.172309494018554688e+01
-3.592590332031250000e+01 2.338785552978515625e+01
-3.308875274658203125e+01 1.634394073486328125e+01
-3.579145812988281250e+01 2.345887756347656250e+01
3.799956321716308594e+00 -2.832144355773925781e+01
1.177465057373046875e+01 -3.893949127197265625e+01
2.832926559448242188e+01 -1.873632812500000000e+01
-1.390775966644287109e+01 3.745736312866210938e+01
1.549188423156738281e+01 -3.590219879150390625e+01
-2.138293266296386719e+01 2.670703697204589844e+01
1.985198974609375000e+01 -1.116579532623291016e+01
-1.808086776733398438e+01 7.768394470214843750e+00
-3.638914871215820312e+01 -1.127333736419677734e+01
2.990972900390625000e+01 -6.704059600830078125e+00
3.587908554077148438e+01 1.502062201499938965e+00
-2.848336791992187500e+01 9.412161111831665039e-01
1.209051322937011719e+01 3.527053070068359375e+01
-3.425427627563476562e+01 1.595542335510253906e+01
-2.869903945922851562e+01 1.028464078903198242e+00
2.750209045410156250e+01 -3.098524093627929688e+01
3.127377128601074219e+01 -2.600170898437500000e+01
1.304906725883483887e+00 -2.817562484741210938e+01
-1.590764522552490234e+01 9.140860557556152344e+00
-3.644346952438354492e+00 -3.473447799682617188e+01
-1.093528079986572266e+01 2.940726280212402344e+01
3.909674072265625000e+01 1.112809777259826660e+00
3.639914321899414062e+01 -4.361633300781250000e+00
-2.018560409545898438e+01 2.185973930358886719e+01
3.753615188598632812e+01 -5.907622337341308594e+00
-2.099202537536621094e+01 2.548405265808105469e+01
-1.314354896545410156e+01 2.835896301269531250e+01
4.048977661132812500e+01 5.567862987518310547e+00
3.402275085449218750e+01 -2.258932876586914062e+01
-4.015299797058105469e+00 3.317270660400390625e+01
2.403143310546875000e+01 -3.434317398071289062e+01
-1.586715316772460938e+01 3.620985794067382812e+01
3.585691070556640625e+01 -5.324446201324462891e+00
4.052337265014648438e+01 5.093686580657958984e+00
-1.902123451232910156e+01 2.495810317993164062e+01
8.200962066650390625e+00 -2.651750946044921875e+01
2.239144515991210938e+01 -3.465618896484375000e+01
3.457027053833007812e+01 -2.264894485473632812e+01
5.932054042816162109e+00 -3.542284393310546875e+01
-3.769076538085937500e+01 -5.910257816314697266e+00
1.070665836334228516e+01 -2.522287178039550781e+01
1.257993412017822266e+01 3.392919921875000000e+01
2.460713195800781250e+01 -3.635089492797851562e+01
-1.666862297058105469e+01 3.557709503173828125e+01
-2.009370994567871094e+01 2.321574783325195312e+01
2.740863227844238281e+01 -1.778815078735351562e+01
4.612253665924072266e+00 -3.685391616821289062e+01
-3.287768173217773438e+01 1.710195922851562500e+01
-4.162393188476562500e+01 2.946571588516235352e+00
-1.121509933471679688e+01 3.417580413818359375e+01
-2.993925476074218750e+01 1.731550979614257812e+01
-7.712692737579345703e+00 3.803043746948242188e+01
1.534755325317382812e+01 -2.300847625732421875e+01
-3.232315826416015625e+01 2.198126411437988281e+01
2.438971900939941406e+01 -3.797476196289062500e+01
-5.071151256561279297e+00 3.707670593261718750e+01
3.003066635131835938e+01 -6.317337512969970703e+00
-4.238271713256835938e+01 -2.698813915252685547e+00
-2.408361816406250000e+01 -2.311793136596679688e+01
1.375756549835205078e+01 -3.900766754150390625e+01
-2.462487983703613281e+01 1.887942314147949219e+01
3.670742034912109375e+01 -2.887243926525115967e-01
-2.529237365722656250e+01 1.805031776428222656e+00
1.171379661560058594e+01 3.536030197143554688e+01
-4.054993629455566406e+00 3.017421531677246094e+01
-2.075899887084960938e+01 2.218162536621093750e+01
2.994223594665527344e+01 -6.813609123229980469e+00
-4.909831523895263672e+00 3.426722717285156250e+01
-1.182861232757568359e+01 2.791475868225097656e+01
2.979457473754882812e+01 -5.921766757965087891e+00
7.170565605163574219e+00 -3.788994598388671875e+01
2.134167861938476562e+01 -3.809780120849609375e+01
3.015909576416015625e+01 -2.570713424682617188e+01
-7.874215602874755859e+00 2.770324516296386719e+01
6.121350765228271484e+00 2.956809425354003906e+01
-3.490879821777343750e+01 -6.522002220153808594e+00
3.977742767333984375e+01 4.061636328697204590e-01
3.070980834960937500e+01 -2.592511749267578125e+01
-2.720157861709594727e+00 -3.196873092651367188e+01
3.877980804443359375e+01 8.215804100036621094e+00
9.415129661560058594e+00 -3.851748657226562500e+01
-3.580131912231445312e+01 -6.701902389526367188e+00
2.414311408996582031e+01 -3.806977081298828125e+01
3.446643447875976562e+01 -8.653367996215820312e+00
3.439439392089843750e+01 -2.021133422851562500e+01
4.022803497314453125e+01 5.502472877502441406e+00
-3.654026794433593750e+01 2.217128944396972656e+01
-7.253755092620849609e+00 -3.330410385131835938e+01
-8.578258514404296875e+00 3.813737106323242188e+01
9.709551811218261719e+00 3.652641296386718750e+01
-1.028394699096679688e+01 3.017823028564453125e+01
1.309497642517089844e+01 -2.451291656494140625e+01
2.397152137756347656e+01 -3.826554870605468750e+01
3.409349060058593750e+01 -2.415529823303222656e+01
1.779043579101562500e+01 -3.588216400146484375e+01
2.753807067871093750e+01 -2.306094408035278320e+00
3.622360992431640625e+01 8.999403953552246094e+00
9.938520431518554688e+00 3.971622848510742188e+01
-2.915442228317260742e+00 3.365904617309570312e+01
3.669433212280273438e+01 -2.280058622360229492e+00
2.485557174682617188e+01 -3.598208999633789062e+01
-3.494908523559570312e+01 2.405163383483886719e+01
-1.372900581359863281e+01 1.071224117279052734e+01
1.949176597595214844e+01 -1.872578239440917969e+01
-3.786240005493164062e+01 2.910935640335083008e+00
2.432473373413085938e+01 -3.759048080444335938e+01
3.970729827880859375e+01 -5.195981502532958984e+00
2.727603149414062500e+01 -1.921310234069824219e+01
-1.057826805114746094e+01 7.708182334899902344e+00
3.696290206909179688e+01 -4.066201210021972656e+00
-3.734267807006835938e+01 1.051789760589599609e+00
2.121097755432128906e+01 -3.661595153808593750e+01
-1.688090562820434570e+00 4.100624084472656250e+01
-3.614548110961914062e+01 5.755618572235107422e+00
-2.514372253417968750e+01 5.238960266113281250e+00
1.386364746093750000e+01 -2.297915649414062500e+01
3.538680648803710938e+01 -5.129046916961669922e+00
-3.285654067993164062e+01 1.652687835693359375e+01
-1.898311042785644531e+01 3.037719345092773438e+01
-3.870671033859252930e+00 3.076485252380371094e+01
1.002931022644042969e+01 3.999641036987304688e+01
-1.518216323852539062e+01 3.755418777465820312e+01
-2.888510513305664062e+01 7.066619992256164551e-01
2.827891159057617188e+01 -3.308973073959350586e+00
-3.199487113952636719e+01 1.696856880187988281e+01
6.597915172576904297e+00 6.338680744171142578e+00
1.259435176849365234e+01 -3.916762542724609375e+01
4.116304779052734375e+01 -3.519081115722656250e+00
-1.589633369445800781e+01 3.632543945312500000e+01
2.091739463806152344e+01 -3.592015457153320312e+01
-8.511976242065429688e+00 3.516550827026367188e+01
-2.008127593994140625e+01 2.379464340209960938e+01
4.067704391479492188e+01 -1.612116813659667969e+00
-4.152664184570312500e+01 -1.178630232810974121e+00
-1.338577151298522949e+00 -3.518045043945312500e+01
-2.680956459045410156e+01 6.384346008300781250e+00
3.235615158081054688e+01 4.083021163940429688e+00
2.456931686401367188e+01 -1.427415561676025391e+01
-8.096916198730468750e+00 3.819385910034179688e+01
4.269927978515625000e+00 2.977117729187011719e+01
2.278103065490722656e+01 -7.630468845367431641e+00
-2.870621204376220703e+00 -3.415647506713867188e+01
2.508389091491699219e+01 -3.506699371337890625e+01
-4.960041046142578125e-01 2.748708152770996094e+01
1.971994018554687500e+01 -9.677950859069824219e+00
3.746437072753906250e+01 -1.283785057067871094e+01
3.818135070800781250e+01 8.527245521545410156e+00
2.889089584350585938e+01 -2.385252189636230469e+01
-3.907403182983398438e+01 1.336162471771240234e+01
8.236484527587890625e+00 3.084008407592773438e+01
-1.393024539947509766e+01 9.222167968750000000e+00
-1.829059028625488281e+01 7.677731513977050781e+00
9.726890563964843750e+00 3.975162124633789062e+01
-1.113207530975341797e+01 3.423678207397460938e+01
-1.740528106689453125e+01 6.754714012145996094e+00
-1.257571029663085938e+01 3.382870864868164062e+01
3.569329071044921875e+01 -1.977911949157714844e+01
3.125657653808593750e+01 1.346810626983642578e+01
-3.141949272155761719e+01 2.349578285217285156e+01
-1.812183761596679688e+01 6.319589614868164062e+00
3.299076843261718750e+01 3.633962154388427734e+00
-1.645464539527893066e+00 -3.010973358154296875e+01
3.051945686340332031e+01 -7.085591316223144531e+00
-3.230444908142089844e+00 -3.127281761169433594e+01
-5.727654457092285156e+00 2.812842941284179688e+01
-3.316053009033203125e+01 2.111857795715332031e+01
-4.125038909912109375e+01 3.252338647842407227e+00
1.263661003112792969e+01 -2.595351600646972656e+01
1.264002513885498047e+01 -3.644867324829101562e+01
3.300911712646484375e+01 4.845043182373046875e+00
-4.008779144287109375e+01 -5.060683727264404297e+00
-3.420365333557128906e+00 3.303604888916015625e+01
-1.170610046386718750e+01 -3.109333038330078125e+01
2.263107109069824219e+01 -7.211623668670654297e+00
5.963023185729980469e+00 -3.523299026489257812e+01
-3.974553298950195312e+01 -2.466495513916015625e+00
3.648215866088867188e+01 -3.887732028961181641e+00
-3.692692184448242188e+01 5.072324752807617188e+00
-3.603766250610351562e+01 -6.442412853240966797e+00
2.161471557617187500e+01 -2.732707023620605469e+01
-3.807819366455078125e+01 1.745011329650878906e+01
3.927096557617187500e+01 2.017572879791259766e+00
-1.418284130096435547e+01 2.742158317565917969e+01
2.129538917541503906e+01 -3.667290878295898438e+01
3.703533935546875000e+01 -1.381232643127441406e+01
2.756312751770019531e+01 -1.650154829025268555e+00
2.152562713623046875e+01 -8.798521995544433594e+00
-1.677590179443359375e+01 3.013302040100097656e+01
-1.641633605957031250e+01 2.691981506347656250e+01
-8.192156791687011719e+00 3.833240127563476562e+01
4.096348571777343750e+01 -3.066204786300659180e+00
-4.293226242065429688e+01 -1.373579204082489014e-01
-3.899639129638671875e+01 -9.864336848258972168e-01
-1.151067689061164856e-01 4.075721263885498047e+00
2.033701705932617188e+01 -1.800561785697937012e+00
-4.117553329467773438e+01 4.796835899353027344e+00
-4.212772750854492188e+01 1.436717212200164795e-01
4.084602355957031250e+01 -3.955625295639038086e+00
-2.858484458923339844e+01 6.528861522674560547e-01
-2.135052871704101562e+01 8.722170829772949219e+00
-1.605877685546875000e+01 3.285168838500976562e+01
-1.843734550476074219e+01 3.023315429687500000e+01
-3.737886810302734375e+01 -6.177803516387939453e+00
-1.456680393218994141e+01 3.755014801025390625e+01
1.105351001024246216e-01 4.088129043579101562e+01
-8.194360733032226562e+00 2.773292160034179688e+01
3.953401565551757812e+01 6.759603500366210938e+00
-2.361229324340820312e+01 5.567336559295654297e+00
6.850303411483764648e-01 -3.609836196899414062e+01
4.523037910461425781e+00 -3.725075531005859375e+01
3.929518508911132812e+01 7.708353042602539062e+00
2.633042716979980469e+01 -1.762878990173339844e+01
-1.095385265350341797e+01 3.365744400024414062e+01
-3.395500183105468750e+01 1.987969970703125000e+01
-3.159340667724609375e+01 7.123510837554931641e+00
2.301437759399414062e+01 -1.951138496398925781e+01
1.920301246643066406e+01 -2.453007698059082031e+01
-1.730709457397460938e+01 3.398061370849609375e+01
-1.208775520324707031e+01 2.875234031677246094e+01
-1.961671638488769531e+01 9.787740707397460938e+00
-3.769052124023437500e+01 1.301911735534667969e+01
2.368161010742187500e+01 -1.259982204437255859e+01
-2.098027706146240234e+00 -3.156128311157226562e+01
-3.630065536499023438e+01 2.323488807678222656e+01
2.853486442565917969e+01 -2.303911399841308594e+01
1.356629562377929688e+01 -3.695728683471679688e+01
1.512418937683105469e+01 -2.640927886962890625e+01
2.835997581481933594e+01 -2.798575973510742188e+01
4.089157485961914062e+01 -3.376654386520385742e+00
-7.547934532165527344e+00 -3.212049484252929688e+01
3.411541748046875000e+01 8.517596244812011719e+00
4.822270393371582031e+00 2.953800964355468750e+01
2.571044731140136719e+01 -9.022023081779479980e-01
3.554320526123046875e+01 8.755980134010314941e-01
-8.574945449829101562e+00 3.811265563964843750e+01
-3.857981109619140625e+01 4.377462863922119141e+00
-2.368771553039550781e+01 1.865157890319824219e+01
-1.740927124023437500e+01 8.821590423583984375e+00
-2.506289863586425781e+01 1.832150840759277344e+01
3.482396697998046875e+01 -2.209114837646484375e+01
3.757619094848632812e+01 -2.078695058822631836e+00
2.117806053161621094e+01 -1.048976135253906250e+01
-2.758612155914306641e+00 -3.126951026916503906e+01
-2.812189102172851562e+00 -3.208335113525390625e+01
-3.629043579101562500e+01 -8.860595703125000000e+00
-1.657671213150024414e+00 2.398740196228027344e+01
-2.959489631652832031e+01 9.176902174949645996e-01
2.095690345764160156e+01 -3.646146392822265625e+01
-4.084368228912353516e+00 2.903503036499023438e+01
-4.074999237060546875e+01 4.585401058197021484e+00
-1.293501663208007812e+01 2.793997192382812500e+01
7.365159034729003906e+00 -2.704709434509277344e+01
3.493731260299682617e+00 -2.729225730895996094e+01
2.333295822143554688e+01 -3.834568405151367188e+01
1.825966262817382812e+01 -2.160535049438476562e+01
1.009037494659423828e+01 3.979688644409179688e+01
2.725447845458984375e+01 -1.698905754089355469e+01
-2.382872962951660156e+01 1.992654418945312500e+01
-1.856334686279296875e+00 3.611623001098632812e+01
-1.049494743347167969e+01 2.952961158752441406e+01
-2.137115287780761719e+01 2.666152763366699219e+01
-3.381608963012695312e+01 7.711554527282714844e+00
-3.694846725463867188e+01 1.439738845825195312e+01
-5.326399326324462891e+00 -3.416441726684570312e+01
-3.398703002929687500e+01 1.845016479492187500e+01
2.561212921142578125e+01 -3.049380302429199219e+01
-6.661801338195800781e+00 -3.240758895874023438e+01
-3.599330139160156250e+01 -7.536995410919189453e+00
1.300167942047119141e+01 3.430710601806640625e+01
-2.739639282226562500e+01 7.040397524833679199e-01
3.694028472900390625e+01 -5.537294149398803711e-01
-3.904571151733398438e+01 -8.708412170410156250e+00
-1.062258720397949219e+01 3.394329833984375000e+01
3.436502456665039062e+01 -2.309096908569335938e+01
2.530101776123046875e+01 -1.444657516479492188e+01
5.841073513031005859e+00 -3.039159202575683594e+01
-1.603104209899902344e+01 9.017293930053710938e+00
1.578273200988769531e+01 -2.217739295959472656e+01
-3.361082839965820312e+01 7.153251647949218750e+00
-4.835417270660400391e+00 4.039374542236328125e+01
9.546035766601562500e+00 -3.846984863281250000e+01
-3.176052093505859375e+01 1.707004356384277344e+01
-4.005602264404296875e+01 -7.668745517730712891e+00
3.723862838745117188e+01 -1.374581718444824219e+01
-3.388564300537109375e+01 1.553700733184814453e+01
-1.752964973449707031e+01 8.909085273742675781e+00
2.662996292114257812e+01 -1.642804908752441406e+01
-5.733716964721679688e+00 5.166108608245849609e+00
3.971745300292968750e+01 9.728326201438903809e-01
-3.788975954055786133e+00 3.261159133911132812e+01
4.100043106079101562e+01 -3.235925197601318359e+00
3.586022949218750000e+01 -1.773194122314453125e+01
8.035157203674316406e+00 3.067190170288085938e+01
-3.740266036987304688e+01 3.261194467544555664e+00
-2.259951400756835938e+01 2.083294296264648438e+01
-4.010503005981445312e+01 -3.288669109344482422e+00
1.564085865020751953e+01 -3.629962158203125000e+01
-3.906583023071289062e+01 -4.413354396820068359e+00
2.583238792419433594e+01 -2.972730445861816406e+01
1.298630523681640625e+01 -2.471234512329101562e+01
2.368416595458984375e+01 -3.789968109130859375e+01
-3.787061691284179688e+01 7.240123748779296875e-01
2.141990280151367188e+01 -5.442999362945556641e+00
-2.154071426391601562e+01 1.012746429443359375e+01
-1.052655601501464844e+01 2.964549446105957031e+01
-7.725557327270507812e+00 3.756764602661132812e+01
3.405731964111328125e+01 -2.395784568786621094e+01
1.407243919372558594e+01 -2.610207557678222656e+01
-4.025722885131835938e+01 -6.667467594146728516e+00
-3.827333068847656250e+01 -5.885998249053955078e+00
-1.039863777160644531e+01 -3.068392562866210938e+01
1.023316478729248047e+01 3.926142120361328125e+01
8.070665359497070312e+00 -2.727597236633300781e+01
5.680821895599365234e+00 -3.605525207519531250e+01
-3.382556533813476562e+01 1.991197967529296875e+01
-3.816487503051757812e+01 -6.185798168182373047e+00
-1.591958618164062500e+01 3.259764480590820312e+01
1.737693595886230469e+01 -2.213709259033203125e+01
-8.778735160827636719e+00 -3.255257034301757812e+01
8.011608123779296875e+00 -2.665002059936523438e+01
2.630384635925292969e+01 -3.040026664733886719e+01
-3.444525527954101562e+01 1.891186904907226562e+01
-1.389194726943969727e+00 3.733158111572265625e+01
-3.502997636795043945e+00 3.311508941650390625e+01
-1.875940561294555664e-01 -3.570024871826171875e+01
2.453357315063476562e+01 -3.705319976806640625e+01
2.516282463073730469e+01 -3.465564727783203125e+01
3.261296844482421875e+01 6.176678657531738281e+00
1.233125400543212891e+01 3.494358062744140625e+01
-4.147438049316406250e+01 8.536365509033203125e+00
-8.217507600784301758e-01 -2.529529380798339844e+01
-2.002094745635986328e+00 3.727173233032226562e+01
-2.025640678405761719e+01 8.207201004028320312e+00
2.247925567626953125e+01 -3.788938903808593750e+01
2.382950401306152344e+01 -3.846981811523437500e+01
7.403408050537109375e+00 -3.761088562011718750e+01
-1.361197590827941895e+00 4.100970458984375000e+01
-2.352866744995117188e+01 4.845067501068115234e+00
-3.785924530029296875e+01 1.368924236297607422e+01
-1.878647089004516602e+00 3.737724685668945312e+01
-5.083943367004394531e+00 -3.422225570678710938e+01
2.441400146484375000e+01 -7.936817646026611328e+00
-4.111788177490234375e+01 2.561657190322875977e+00
3.727929687500000000e+01 -1.329310035705566406e+01
1.840383911132812500e+01 -2.667979049682617188e+01
-3.842842102050781250e+01 1.673887825012207031e+01
-4.009889221191406250e+01 -7.417504310607910156e+00
3.903503036499023438e+01 2.734603404998779297e+00
7.999232769012451172e+00 -3.814291381835937500e+01
-1.231943225860595703e+01 2.823036003112792969e+01
-3.780839538574218750e+01 1.907087135314941406e+01
3.928279876708984375e+01 -7.896341800689697266e+00
-2.097359466552734375e+01 2.802185630798339844e+01
-1.772951507568359375e+01 3.195841217041015625e+01
-4.066585922241210938e+01 4.053685665130615234e+00
-3.588971710205078125e+01 2.351900863647460938e+01
1.687734413146972656e+01 -2.142991447448730469e+01
3.799448013305664062e+01 -1.210744285583496094e+01
2.067037391662597656e+01 -1.001591873168945312e+01
