-1.503883361816406250e+02 6.467562866210937500e+01
2.422748327255249023e+00 6.219921493530273438e+01
-9.580184936523437500e+00 7.113983917236328125e+01
8.394349670410156250e+01 -6.497548103332519531e+00
1.021158523559570312e+02 -9.273526000976562500e+01
8.212793731689453125e+01 -1.070886917114257812e+02
9.571667480468750000e+01 -5.375088882446289062e+01
-1.567765808105468750e+02 6.509535980224609375e+01
-1.349868469238281250e+02 7.674977874755859375e+01
9.675904083251953125e+01 -6.726181793212890625e+01
1.024987106323242188e+02 -8.698517608642578125e+01
1.497494029998779297e+01 6.129753875732421875e+01
-1.195964279174804688e+02 7.698654937744140625e+01
-1.626073913574218750e+02 5.731735229492187500e+01
-1.318845672607421875e+02 6.767076873779296875e+01
8.851685333251953125e+01 -2.993747138977050781e+01
-9.296962738037109375e+01 8.663175201416015625e+01
9.255822181701660156e+00 6.178213119506835938e+01
-1.359578609466552734e+01 6.537497711181640625e+01
8.092985534667968750e+01 -1.515635681152343750e+02
-1.141301651000976562e+02 5.512849426269531250e+01
1.957794576883316040e-01 5.883482742309570312e+01
7.775141143798828125e+01 -4.221823215484619141e+00
2.539765596389770508e+00 6.008086013793945312e+01
7.706223297119140625e+01 -1.568425750732421875e+02
-1.157478027343750000e+02 5.869857788085937500e+01
8.805409240722656250e+01 -1.865884780883789062e+01
-4.629329299926757812e+01 6.917092895507812500e+01
1.015044860839843750e+02 -8.373618316650390625e+01
-5.378052139282226562e+01 8.643952941894531250e+01
8.083448028564453125e+01 -3.207849121093750000e+01
8.047292327880859375e+01 -1.470513458251953125e+02
9.194075012207031250e+01 -1.253873825073242188e+02
8.193708038330078125e+01 -8.559217071533203125e+01
-1.117988739013671875e+02 8.478433990478515625e+01
1.024637222290039062e+02 -1.054031295776367188e+02
8.504972076416015625e+01 -1.003860569000244141e+01
7.583204650878906250e+01 -8.831447601318359375e+01
-6.656826782226562500e+01 5.075516510009765625e+01
-1.289376068115234375e+02 5.613752746582031250e+01
7.937073516845703125e+01 -5.386186599731445312e+01
-8.544994354248046875e+01 6.607147979736328125e+01
-1.333058776855468750e+02 6.854272460937500000e+01
-1.573156738281250000e+02 6.282282638549804688e+01
-1.183595886230468750e+02 6.676866149902343750e+01
8.098152923583984375e+01 -1.459063262939453125e+02
8.329959106445312500e+01 -5.751760101318359375e+01
-3.074121284484863281e+01 6.700819396972656250e+01
8.763054656982421875e+01 -1.112084808349609375e+02
-1.155860595703125000e+02 8.250788116455078125e+01
8.897535705566406250e+01 -1.369078369140625000e+02
6.987310886383056641e+00 6.073277664184570312e+01
-4.213603973388671875e+00 6.759307098388671875e+01
-1.443076934814453125e+02 7.053433990478515625e+01
-1.220809364318847656e+01 7.049150085449218750e+01
-1.571662445068359375e+02 6.422077941894531250e+01
-5.835135269165039062e+01 8.292321014404296875e+01
2.216791391372680664e+00 5.845367431640625000e+01
8.075408172607421875e+01 -1.430731506347656250e+02
9.109782409667968750e+01 -1.005154190063476562e+02
-1.582633972167968750e+02 6.459146881103515625e+01
-1.583554229736328125e+02 6.005266952514648438e+01
7.913569641113281250e+01 -9.313614845275878906e+00
-1.212118453979492188e+02 5.888277435302734375e+01
9.553189849853515625e+01 -1.074884796142578125e+02
9.927403259277343750e+01 -8.033038330078125000e+01
7.778014373779296875e+01 -1.557205047607421875e+02
-9.491687774658203125e+01 5.741478347778320312e+01
8.025827789306640625e+01 -1.452035980224609375e+02
7.563423919677734375e+01 -3.948851013183593750e+01
7.741446685791015625e+01 -1.466290130615234375e+02
7.984886932373046875e+01 -1.433919830322265625e+02
-1.053081741333007812e+02 5.491382980346679688e+01
8.204583740234375000e+01 -9.090165138244628906e+00
7.393438720703125000e+01 -4.709548950195312500e+01
7.837251281738281250e+01 -1.536637268066406250e+02
7.936966705322265625e+01 -4.199658966064453125e+01
-4.082077789306640625e+01 7.726007843017578125e+01
9.497189331054687500e+01 -1.285818786621093750e+02
1.035492477416992188e+02 -8.440512847900390625e+01
-1.176886272430419922e+01 7.295326232910156250e+01
-1.535307922363281250e+02 6.661738586425781250e+01
-1.604127502441406250e+02 5.860613632202148438e+01
-1.176720962524414062e+02 5.513413619995117188e+01
9.614289283752441406e+00 5.736511611938476562e+01
-1.302240600585937500e+02 7.479619598388671875e+01
-1.334829711914062500e+02 6.004823303222656250e+01
7.684204101562500000e+01 -1.511265258789062500e+02
8.237335205078125000e+01 -2.605301856994628906e+01
-9.064872741699218750e+01 6.740094757080078125e+01
-5.631069660186767578e+00 6.949917602539062500e+01
-3.614834594726562500e+01 6.398780441284179688e+01
-4.559737014770507812e+01 7.108573150634765625e+01
8.062408447265625000e+01 -4.198900222778320312e+00
-5.624348831176757812e+01 7.809256744384765625e+01
9.278921508789062500e+01 -4.063734817504882812e+01
8.589966583251953125e+01 -9.300927734375000000e+01
1.033407974243164062e+02 -7.362165832519531250e+01
7.366366577148437500e+01 -1.326114959716796875e+02
8.955792999267578125e+01 -3.970195007324218750e+01
7.492639923095703125e+01 -1.553799896240234375e+02
-5.604539489746093750e+01 6.309204101562500000e+01
9.722423553466796875e+01 -1.122127685546875000e+02
-7.996047973632812500e+01 7.067666625976562500e+01
7.304928588867187500e+01 -1.692061233520507812e+01
9.197354888916015625e+01 -1.137464370727539062e+02
7.529129028320312500e+01 -1.525120086669921875e+02
7.758715057373046875e+01 -1.569680633544921875e+02
1.019236831665039062e+02 -1.079754638671875000e+02
7.614106750488281250e+01 -1.392806091308593750e+02
1.013950729370117188e+02 -1.057538146972656250e+02
-1.444033813476562500e+02 5.671414566040039062e+01
-7.576158905029296875e+01 7.417358398437500000e+01
1.023340682983398438e+02 -8.665711212158203125e+01
7.966987609863281250e+01 -1.544135894775390625e+02
3.807252168655395508e+00 6.160094070434570312e+01
-2.400500869750976562e+01 7.791300964355468750e+01
-1.265744476318359375e+02 8.001350402832031250e+01
9.142461395263671875e+01 -1.247547073364257812e+02
9.985265350341796875e+01 -8.337484741210937500e+01
-1.622189178466796875e+02 5.839608383178710938e+01
6.888678741455078125e+01 -3.587907409667968750e+01
7.412173461914062500e+01 -8.222131729125976562e+00
-1.376692047119140625e+02 7.004927062988281250e+01
-1.143168487548828125e+02 7.411504364013671875e+01
-1.238354110717773438e+01 7.400357818603515625e+01
8.583041381835937500e+01 -4.160577011108398438e+01
7.521767425537109375e+01 -6.096015167236328125e+01
-7.222052764892578125e+01 7.024096679687500000e+01
-1.549565277099609375e+02 6.224876785278320312e+01
-1.623400268554687500e+02 5.799613571166992188e+01
8.580841064453125000e+01 -1.330516967773437500e+02
1.031390609741210938e+02 -8.004801940917968750e+01
-1.592530212402343750e+02 5.995638275146484375e+01
-1.476497039794921875e+02 6.634754180908203125e+01
-1.215769653320312500e+02 7.877698516845703125e+01
-2.491094589233398438e+01 6.810955047607421875e+01
-5.725798416137695312e+01 7.362195587158203125e+01
-9.717666625976562500e+01 9.165942382812500000e+01
-1.151572875976562500e+02 7.898105621337890625e+01
-9.662865447998046875e+01 8.738211822509765625e+01
7.500209808349609375e+01 -1.414113464355468750e+02
8.988796234130859375e+01 -1.313485717773437500e+02
9.744155883789062500e+01 -7.415880584716796875e+01
-4.387620925903320312e+01 8.260768890380859375e+01
9.166780853271484375e+01 -1.340428314208984375e+02
-7.342375183105468750e+01 7.271415710449218750e+01
7.910060882568359375e+01 -6.717359924316406250e+01
-1.069433593750000000e+02 5.688325119018554688e+01
-1.633205413818359375e+02 5.793092727661132812e+01
8.380699157714843750e+01 -3.849500274658203125e+01
8.145207977294921875e+01 -1.558303642272949219e+01
-1.346647033691406250e+02 5.949728012084960938e+01
1.472696971893310547e+01 6.046651077270507812e+01
-1.166017990112304688e+02 8.056104278564453125e+01
-1.348613281250000000e+02 6.014804458618164062e+01
1.001169815063476562e+02 -9.872711181640625000e+01
1.030886077880859375e+02 -8.665053558349609375e+01
7.179985809326171875e+01 -1.433550872802734375e+02
-9.534039306640625000e+01 6.178094100952148438e+01
7.892292785644531250e+01 -1.542380065917968750e+02
-5.025347900390625000e+01 7.004844665527343750e+01
8.182834625244140625e+01 -1.021185016632080078e+01
8.441689300537109375e+01 -2.450319671630859375e+01
-7.398102569580078125e+01 6.655162048339843750e+01
8.675450897216796875e+01 -2.143212890625000000e+01
-7.640507507324218750e+01 7.069457244873046875e+01
-5.936652755737304688e+01 7.007804107666015625e+01
8.198430633544921875e+01 -6.257560729980468750e+00
1.022610855102539062e+02 -7.883712005615234375e+01
-2.538393974304199219e+01 7.106420898437500000e+01
9.911361694335937500e+01 -1.154063720703125000e+02
-5.385674285888671875e+01 8.333630371093750000e+01
8.567369842529296875e+01 -2.531753158569335938e+01
8.284398651123046875e+01 -8.391365051269531250e+00
-7.173188018798828125e+01 6.850936889648437500e+01
7.142029571533203125e+01 -1.211771850585937500e+02
9.801383972167968750e+01 -1.149545135498046875e+02
1.038655395507812500e+02 -8.021136474609375000e+01
8.052239227294921875e+01 -1.412851257324218750e+02
-1.593485260009765625e+02 5.686235427856445312e+01
7.519420623779296875e+01 -1.085583953857421875e+02
2.143967628479003906e+00 6.333606719970703125e+01
9.690342712402343750e+01 -1.064658966064453125e+02
-5.897953796386718750e+01 8.286111450195312500e+01
-7.538373565673828125e+01 6.779682159423828125e+01
9.175546264648437500e+01 -6.073619842529296875e+01
8.029859161376953125e+01 -1.507891998291015625e+02
-1.130405349731445312e+02 8.108307647705078125e+01
-1.531247253417968750e+02 6.658055877685546875e+01
-3.960483169555664062e+01 7.497605133056640625e+01
-1.026825790405273438e+02 7.511288452148437500e+01
-2.652407836914062500e+01 7.530888366699218750e+01
8.132401275634765625e+01 -1.033239440917968750e+02
-9.236532592773437500e+01 8.015098571777343750e+01
9.698181915283203125e+01 -1.109459228515625000e+02
-1.890167808532714844e+01 7.206792449951171875e+01
8.381678771972656250e+01 -3.509781265258789062e+01
-1.616275177001953125e+02 6.138077545166015625e+01
-1.772753753662109375e+02 4.927105331420898438e+01
9.030332946777343750e+01 -1.226508483886718750e+02
-9.458669281005859375e+01 7.049191284179687500e+01
7.963741302490234375e+01 -1.451295185089111328e+01
-1.236163482666015625e+02 5.645217895507812500e+01
1.260012626647949219e+01 6.290132141113281250e+01
-3.297348022460937500e+01 6.794328308105468750e+01
-8.442063903808593750e+01 6.494731903076171875e+01
8.398683166503906250e+01 -3.641819763183593750e+01
-2.172070121765136719e+01 7.028205108642578125e+01
-6.076670837402343750e+01 6.696887207031250000e+01
8.398701477050781250e+01 -3.229507064819335938e+01
8.161162567138671875e+01 -1.468081970214843750e+02
9.490217590332031250e+01 -1.144317703247070312e+02
1.010436401367187500e+02 -8.360134887695312500e+01
-5.409413528442382812e+01 6.434210205078125000e+01
6.302669048309326172e+00 5.465559387207031250e+01
-1.577012329101562500e+02 5.642743682861328125e+01
8.337267303466796875e+01 -1.259730720520019531e+01
1.024633178710937500e+02 -8.720672607421875000e+01
7.860477447509765625e+01 -1.505600280761718750e+02
7.407815551757812500e+01 4.170346260070800781e+00
8.288421630859375000e+01 -1.412234649658203125e+02
-1.572348785400390625e+02 5.477472686767578125e+01
9.673303222656250000e+01 -1.135863113403320312e+02
8.705451965332031250e+01 -3.483134460449218750e+01
1.013607254028320312e+02 -7.349877929687500000e+01
8.247289276123046875e+01 -9.559186935424804688e+00
-1.025799636840820312e+02 8.994045257568359375e+01
7.787708282470703125e+01 -1.572031402587890625e+02
-3.454342269897460938e+01 7.877526855468750000e+01
-2.695988416671752930e+00 7.097149658203125000e+01
-4.342808914184570312e+01 7.027322387695312500e+01
7.917094421386718750e+01 -1.107821884155273438e+02
9.616716766357421875e+01 -1.118698043823242188e+02
1.048357467651367188e+02 -8.796527862548828125e+01
9.564812469482421875e+01 -1.218722076416015625e+02
7.961459350585937500e+01 -2.584005928039550781e+01
7.157732391357421875e+01 1.208182215690612793e+00
-4.165033102035522461e-01 6.689681243896484375e+01
-1.835560226440429688e+01 6.857079315185546875e+01
8.268268585205078125e+01 -1.918600463867187500e+01
9.766285705566406250e+01 -1.105917816162109375e+02
-8.735310363769531250e+01 8.963292694091796875e+01
-8.137631988525390625e+01 6.371582794189453125e+01
8.189838409423828125e+01 -7.478440856933593750e+01
-1.504310607910156250e+02 6.537963104248046875e+01
9.625542449951171875e+01 -1.133284683227539062e+02
8.731533813476562500e+01 -2.076055335998535156e+01
9.445227050781250000e+01 -7.421030426025390625e+01
-9.739779663085937500e+01 5.705031204223632812e+01
8.551935577392578125e+01 -2.142156410217285156e+01
-1.487685241699218750e+02 6.306871414184570312e+01
9.239318847656250000e+01 -1.149254302978515625e+02
-1.387372589111328125e+01 7.276344299316406250e+01
-1.391885833740234375e+02 6.889440917968750000e+01
-1.268115844726562500e+02 6.073258209228515625e+01
7.413050079345703125e+01 -9.754821777343750000e+01
8.546244812011718750e+01 -2.592201805114746094e+01
-1.150862350463867188e+02 7.794087219238281250e+01
-6.790651702880859375e+01 7.768985748291015625e+01
-3.064400863647460938e+01 6.725056457519531250e+01
7.736469507217407227e-01 6.718833923339843750e+01
-5.355727005004882812e+01 8.613388824462890625e+01
-1.425302124023437500e+02 6.056343078613281250e+01
7.960149383544921875e+01 -2.768921661376953125e+01
-1.085910720825195312e+02 7.664540100097656250e+01
1.286636829376220703e+01 2.869101142883300781e+01
9.047180175781250000e+01 -1.282932128906250000e+02
8.905200958251953125e+01 -1.527907562255859375e+01
-5.684120941162109375e+01 8.359001922607421875e+01
9.130893707275390625e+01 -1.133255233764648438e+02
-2.940931510925292969e+01 7.399798583984375000e+01
-7.607315826416015625e+01 6.900895690917968750e+01
8.416142272949218750e+01 -1.113476371765136719e+01
-1.581400756835937500e+02 6.269211578369140625e+01
7.978929138183593750e+01 -1.524796295166015625e+02
-1.238647460937500000e+02 6.331808090209960938e+01
7.443762969970703125e+01 -1.167001438140869141e+01
8.478528594970703125e+01 -5.689166641235351562e+01
-2.780356788635253906e+01 7.752720642089843750e+01
-1.244423675537109375e+01 6.271057510375976562e+01
8.041230010986328125e+01 -4.309005355834960938e+01
7.904222869873046875e+01 -1.539341278076171875e+02
9.843168640136718750e+01 -1.089613418579101562e+02
-2.034354019165039062e+01 6.074198913574218750e+01
7.702178192138671875e+01 -5.749236679077148438e+01
9.024845123291015625e+01 -3.444530105590820312e+01
7.349319458007812500e+01 4.552793025970458984e+00
9.954975128173828125e+01 -8.105141448974609375e+01
-1.434476318359375000e+02 7.507210540771484375e+01
-2.419981479644775391e+00 6.343867111206054688e+01
-8.933650207519531250e+01 6.274957656860351562e+01
-1.070970916748046875e+02 5.793242645263671875e+01
-5.469592809677124023e-01 6.783814239501953125e+01
-4.045860290527343750e+01 7.613889312744140625e+01
-1.071461105346679688e+02 5.669372558593750000e+01
-4.815976715087890625e+01 7.489073181152343750e+01
9.980963134765625000e+01 -4.737828826904296875e+01
4.773929595947265625e+01 2.332770919799804688e+01
-8.636620330810546875e+01 7.988648986816406250e+01
-1.099431991577148438e+02 5.474475097656250000e+01
7.631133270263671875e+01 -1.264648628234863281e+01
7.561421203613281250e+01 -1.493112487792968750e+02
8.519857025146484375e+01 -3.891841506958007812e+01
7.691147613525390625e+01 -1.547791900634765625e+02
-4.464733123779296875e+01 6.748468017578125000e+01
-9.767302703857421875e+01 8.094045257568359375e+01
-1.538761596679687500e+02 6.581211853027343750e+01
8.264506530761718750e+01 -1.222708892822265625e+02
8.629736328125000000e+01 -1.436755981445312500e+02
7.675212860107421875e+01 -1.258491516113281250e+01
-1.609041290283203125e+02 5.858663940429687500e+01
-2.116994476318359375e+01 6.816583251953125000e+01
7.668097686767578125e+01 -1.598833160400390625e+02
8.037828063964843750e+01 -4.438287734985351562e+01
7.952166748046875000e+01 -1.436355438232421875e+02
-1.579753875732421875e+02 6.073397445678710938e+01
8.465064239501953125e+01 -2.297186660766601562e+01
-1.423774566650390625e+02 6.862765502929687500e+01
-1.573179931640625000e+02 5.704926681518554688e+01
9.498317718505859375e+01 -9.762131500244140625e+01
-1.136020584106445312e+02 8.625991058349609375e+01
8.183668518066406250e+01 -9.551829338073730469e+00
-6.542248535156250000e+01 6.739013671875000000e+01
9.159938049316406250e+01 -1.134661483764648438e+02
9.317408752441406250e+01 -4.178919219970703125e+01
7.677905273437500000e+01 -2.935796356201171875e+01
7.911100006103515625e+01 -5.027508926391601562e+01
-6.405562591552734375e+01 7.342591094970703125e+01
-6.639228820800781250e+01 7.085816955566406250e+01
-2.637165069580078125e+01 7.624304962158203125e+01
8.752345275878906250e+01 -1.473605060577392578e+01
-1.595542907714843750e+02 6.290331268310546875e+01
-1.571397552490234375e+02 6.153079605102539062e+01
6.905194854736328125e+01 -5.843638992309570312e+01
7.801599884033203125e+01 -4.186948776245117188e+01
-1.504853973388671875e+02 6.849162292480468750e+01
-1.560613403320312500e+02 6.482752990722656250e+01
8.891173553466796875e+01 -1.730668449401855469e+01
-1.470937042236328125e+02 5.861104202270507812e+01
-1.078037490844726562e+02 6.267266464233398438e+01
-5.750513076782226562e+01 7.605373382568359375e+01
-6.640606689453125000e+01 7.456998443603515625e+01
-1.606434326171875000e+02 5.773898696899414062e+01
-4.959714508056640625e+01 8.511415100097656250e+01
-5.086429595947265625e+00 7.010286712646484375e+01
-5.613289260864257812e+01 6.497972106933593750e+01
7.706987762451171875e+01 -3.340918064117431641e+00
-1.167227020263671875e+02 5.819024276733398438e+01
8.049043273925781250e+01 -1.546528167724609375e+02
8.191400909423828125e+01 -1.466192321777343750e+02
7.631552124023437500e+01 2.087149143218994141e+00
8.876502227783203125e+01 -6.610260009765625000e+01
-4.283630371093750000e+01 7.488079071044921875e+01
-1.075901641845703125e+02 8.475344848632812500e+01
-1.304462127685546875e+02 6.571088409423828125e+01
8.835934448242187500e+01 -7.890470123291015625e+01
8.933551788330078125e+01 -1.006816558837890625e+02
-6.248976135253906250e+01 8.092456054687500000e+01
-5.524919509887695312e+01 7.086524963378906250e+01
-9.767659759521484375e+01 6.536602783203125000e+01
-1.282225494384765625e+02 7.955644226074218750e+01
8.209439849853515625e+01 -5.401255035400390625e+01
7.949368286132812500e+01 -1.484054718017578125e+02
-9.469633483886718750e+01 9.106575775146484375e+01
9.710879516601562500e+01 -8.551683807373046875e+01
9.034058380126953125e+01 -1.358690338134765625e+02
8.582180786132812500e+01 -1.118927764892578125e+02
1.006601409912109375e+02 -9.143095397949218750e+01
8.661888885498046875e+01 -1.483237266540527344e+01
7.672805023193359375e+01 -1.559597320556640625e+02
6.553261566162109375e+01 7.322573184967041016e+00
-5.484628677368164062e+00 6.125462722778320312e+01
7.574728393554687500e+01 -2.959996223449707031e+01
8.050433349609375000e+01 -1.936116790771484375e+01
-3.119511985778808594e+01 7.882703399658203125e+01
-1.479496917724609375e+02 6.780001068115234375e+01
-9.437574768066406250e+01 6.932228088378906250e+01
-1.016812133789062500e+02 6.121998596191406250e+01
-9.365930938720703125e+01 7.215738677978515625e+01
1.075378723144531250e+02 -9.523730468750000000e+01
8.443094635009765625e+01 -1.770625305175781250e+01
7.930464172363281250e+01 -5.704411697387695312e+01
7.841133117675781250e+01 -1.495425109863281250e+02
7.873159790039062500e+01 -1.517276306152343750e+02
-1.618235778808593750e+02 5.636781311035156250e+01
-3.149983596801757812e+01 5.914636611938476562e+01
-1.410824279785156250e+02 6.252975082397460938e+01
9.078107452392578125e+01 -1.160112991333007812e+02
-3.753753280639648438e+01 6.501850891113281250e+01
-1.491296844482421875e+02 6.829840087890625000e+01
-5.995388793945312500e+01 6.798959350585937500e+01
7.148686218261718750e+01 -1.350816497802734375e+02
7.256750488281250000e+01 -1.395120697021484375e+02
9.475012969970703125e+01 -1.111139297485351562e+02
8.067474365234375000e+01 -8.170607757568359375e+01
-8.017382025718688965e-02 6.701151275634765625e+01
9.210289764404296875e+01 -5.697281646728515625e+01
-9.003014373779296875e+01 7.032411956787109375e+01
-1.066007518768310547e+01 6.893286132812500000e+01
-4.810026168823242188e+01 6.990516662597656250e+01
-7.695873260498046875e+01 7.285949707031250000e+01
-1.323740539550781250e+02 7.018582916259765625e+01
-1.200106353759765625e+02 8.198502349853515625e+01
7.811219787597656250e+01 -1.547317352294921875e+02
-1.108771286010742188e+02 8.143591308593750000e+01
9.922626495361328125e+01 -9.935874938964843750e+01
7.687839508056640625e+01 -1.564105682373046875e+02
-1.577000427246093750e+02 5.337062454223632812e+01
4.588484764099121094e+00 6.217323684692382812e+01
-1.307066650390625000e+02 5.678994750976562500e+01
8.187499237060546875e+01 -1.543617630004882812e+01
-1.628090362548828125e+02 5.744961166381835938e+01
-3.711848449707031250e+01 7.228771972656250000e+01
1.034965362548828125e+02 -8.105144500732421875e+01
8.628777313232421875e+01 -5.266209411621093750e+01
7.814501190185546875e+01 -1.411580047607421875e+02
-9.755549621582031250e+01 6.000256729125976562e+01
7.549619293212890625e+01 -9.299129486083984375e+01
-1.374870452880859375e+02 6.644499969482421875e+01
-3.066434478759765625e+01 7.872078704833984375e+01
8.366095733642578125e+01 -1.403937683105468750e+02
-1.102881393432617188e+02 7.992192840576171875e+01
-1.619437561035156250e+02 5.805641174316406250e+01
9.416426086425781250e+01 -4.075698089599609375e+01
-1.200099487304687500e+02 7.807394409179687500e+01
-1.019697647094726562e+02 6.220261001586914062e+01
9.068649291992187500e+01 -5.697948455810546875e+01
6.410329437255859375e+01 -8.921976470947265625e+01
8.240996551513671875e+01 -1.045728206634521484e+01
-2.489648818969726562e+01 6.829695892333984375e+01
8.595376586914062500e+01 -1.366136360168457031e+01
9.842100524902343750e+01 -5.529516601562500000e+01
3.698629617691040039e+00 5.888042831420898438e+01
-1.465521697998046875e+02 6.575236511230468750e+01
-8.608932495117187500e+01 6.735327148437500000e+01
-1.599987640380859375e+02 6.016895294189453125e+01
9.146047210693359375e+01 -1.337804718017578125e+02
-1.593404846191406250e+02 5.832693862915039062e+01
9.858936309814453125e+01 -9.817716217041015625e+01
7.654682922363281250e+01 -1.136974639892578125e+02
9.678508758544921875e+01 -1.144786605834960938e+02
-1.513263244628906250e+02 6.297764587402343750e+01
7.757868957519531250e+01 -4.321010971069335938e+01
-1.064926986694335938e+02 6.758538818359375000e+01
-4.461614227294921875e+01 6.962123870849609375e+01
-2.458373832702636719e+01 7.473049163818359375e+01
1.035671005249023438e+02 -8.835771179199218750e+01
8.578034210205078125e+01 -1.196396789550781250e+02
-1.617774658203125000e+02 5.864957809448242188e+01
-1.593432159423828125e+02 5.839122772216796875e+01
7.621438598632812500e+01 -1.578325347900390625e+02
3.139289319515228271e-01 6.577795410156250000e+01
7.759808349609375000e+01 -1.290267028808593750e+02
8.003106689453125000e+01 -1.438864135742187500e+02
-1.077675247192382812e+02 8.551005554199218750e+01
-1.616118316650390625e+02 5.770705413818359375e+01
-5.670642089843750000e+01 7.508218383789062500e+01
7.870261383056640625e+01 -8.866322326660156250e+01
7.741921997070312500e+01 -1.564593811035156250e+02
7.113056945800781250e+01 -1.254113845825195312e+02
1.003945388793945312e+02 -9.661365509033203125e+01
-1.118055648803710938e+02 8.279709625244140625e+01
-7.752567768096923828e+00 6.856970977783203125e+01
-1.960122680664062500e+01 7.009741210937500000e+01
7.996411132812500000e+01 -1.525254364013671875e+02
9.728092956542968750e+01 -1.082636260986328125e+02
9.936757659912109375e+01 -1.072811965942382812e+02
7.006325531005859375e+01 -1.663012742996215820e+00
1.537329101562500000e+01 6.014518737792968750e+01
-1.527662658691406250e+02 6.747687530517578125e+01
-1.271176528930664062e+02 4.921749877929687500e+01
-1.202993869781494141e+01 6.936495208740234375e+01
-1.081991348266601562e+02 6.155833816528320312e+01
9.320679473876953125e+01 -1.113031082153320312e+02
9.562795257568359375e+01 -1.131001434326171875e+02
8.082640838623046875e+01 -1.434136505126953125e+02
-1.362659263610839844e+01 7.468326568603515625e+01
-1.211507339477539062e+02 5.656360244750976562e+01
-1.209364013671875000e+02 8.148824310302734375e+01
-1.021553611755371094e+01 6.832758331298828125e+01
7.789340209960937500e+01 -1.565221862792968750e+02
8.228856658935546875e+01 -4.659504318237304688e+01
-1.540389862060546875e+02 6.609548950195312500e+01
9.271215820312500000e+01 -4.163965606689453125e+01
8.968453216552734375e+01 -1.067680892944335938e+02
-1.218543777465820312e+02 8.762452697753906250e+01
-1.628504943847656250e+02 5.807689285278320312e+01
7.993639373779296875e+01 -9.492218017578125000e+00
8.272727966308593750e+01 -1.424763183593750000e+02
-5.475173568725585938e+01 6.973854827880859375e+01
-1.100384902954101562e+02 9.079384613037109375e+01
8.892311096191406250e+01 -2.479411506652832031e+01
-7.394345092773437500e+01 7.637530517578125000e+01
-6.301499176025390625e+01 7.784964752197265625e+01
-1.508599395751953125e+02 6.805957794189453125e+01
-9.523271942138671875e+01 8.997724914550781250e+01
7.741541290283203125e+01 -8.353798675537109375e+01
8.986569976806640625e+01 -2.889789581298828125e+01
7.941657257080078125e+01 -5.660269165039062500e+01
