500 2
-2.13284242084904 -0.99915090259764
-0.863307056589224 1.38800273485407
-2.91962584207238 1.28324557610573
3.81093558705498 1.93509554088855
3.37167935539462 0.0105206898399388
1.17190968224818 -0.297467213227464
2.95996930334323 0.559749334436285
-3.17205563471091 -1.18354555078396
-3.40541048804789 -0.704425756819764
2.72139251947642 0.389906697871785
2.75216110571541 0.101994200581319
-2.01588344748525 2.55340681655177
-2.35340304285831 -0.457219184006593
-1.4479727583542 -1.90859908115478
-1.97723085014259 -0.644133096757338
2.44811762701818 0.857845638011719
-3.21675082430461 0.0299861621066279
-1.9173920963888 2.09500586463871
-1.46384821024781 1.03397759012676
3.08440953523405 -1.22437227473942
-1.52336679933259 -0.421132793929644
-0.459573537132098 1.08983081472183
1.40164460190766 1.8161798309824
-0.731635624740159 1.36797041831649
1.55324270607087 -2.02249409622688
-1.20023550314729 -0.443222345690588
3.45241599233924 1.06178535942525
-1.47165172992784 0.520066248375366
2.99161809450543 0.18051916768414
-4.07048321689196 0.370958175000092
1.12216280556867 0.887650994658742
2.12470072831552 -1.04707439483727
2.73248990940557 -0.628476412166717
1.42235714092382 -0.0174036860642619
-3.0657754119122 -0.215855956075099
3.28486012738571 -0.252748599194693
3.57447370018732 1.54582132956707
0.755938268804565 -0.0666347392943392
0.113138588494128 0.159130931989803
-1.04488103184034 -0.772018564181568
1.03619872582579 0.384614364596808
-1.57322964511818 0.0321647938339156
-2.08380427013648 -0.648218835277882
-2.50576010583886 -1.208208457581
-1.71004239257682 -0.447222786523963
1.99046392366087 -1.0206219736541
1.41483974592935 0.377014523296667
-1.33811409977029 0.726983825707108
1.74611929879479 -0.302372132667493
-3.04639029269415 -0.36555934553405
3.31522709302601 -0.768641436448548
-0.820438837627772 1.87145940990304
-1.97382599246055 1.42456814956058
-3.02174068719706 -0.843668770866856
-2.46857955162569 1.12289665751207
-3.07777212899263 -1.34501299723819
-2.86054080213285 0.345860921061051
-0.616744294554275 1.32812754829146
1.79194109997337 -0.90629113461426
1.76715885833944 -0.128966757796963
-4.40075361636023 -1.44264656893674
-1.90732003461749 -1.23210175960708
1.37601841011362 1.52333828838687
-1.31346389551854 -0.533265553668517
2.35661538960949 -0.235769305698526
2.44145088676003 0.214603891523786
2.13031820844282 -1.84409729715489
-0.529383821289321 -0.0445560868250769
1.7823585217322 -1.02475855940879
0.372361508695341 0.664079122965653
0.627532009181546 -1.13979590216654
1.65499330051667 -0.996708527223444
-0.189646564654229 -0.192289449290844
2.15040535058349 1.50807016543329
0.065333458608589 0.523518870285806
2.16266343540381 -1.72440636472367
1.11980398889074 0.655948358554577
-2.75632067895071 0.612663434603076
3.56019106007224 -0.639580138354255
3.43146042506952 0.122764091403307
-3.12885315167214 1.20942901342511
-3.26816613518207 -1.00429446111454
-1.66880494721903 -1.42548689272217
-0.569174226269121 -0.501731057691395
-0.487542847913299 1.70728511149335
-2.71359013851253 -0.610360381996406
-1.42807827793658 -0.723779238787711
0.826779791882222 -1.47245531758704
1.54774732972079 0.947602735556519
-1.66801084539678 -0.0227581432047164
-3.25643396067801 1.55734024222127
-0.861560972140441 0.636162313094918
-1.9101141858552 0.572301669151645
2.53503506805399 2.12496682341001
-2.6036845390099 0.395445003251371
2.50740674204819 0.688721810845866
1.59765911330634 -0.036548181717173
3.45928001187661 0.359739886333309
0.587675122924331 -0.616594404257289
2.23553824488067 0.676507033216896
0.567118184869825 -1.71286439913775
-0.810676133888819 0.41732937361831
2.81433495147033 -0.302533543246854
-1.9554115639228 0.0596069447112514
0.22789183336314 1.02952193407709
2.122933191 -0.40545706101505
0.907496653272299 -1.48641786914854
2.70225416524694 -2.23283469295747
3.49685542136298 -0.308671163254162
0.915992551801427 -0.709142605577171
3.53577039497785 -0.231412058650638
-0.969956210496458 -0.916383140478762
-2.27926539173495 0.153247346340739
2.78369682248912 0.0902349705041652
3.53919650680129 -1.64216659482087
-0.519769697420905 1.35022203918833
-3.88151738628 0.889100691534661
-3.42856244761984 -0.611461788688482
2.58010850151927 -0.604545012134781
2.58395645223985 0.138549155061268
-2.14137744963906 -1.58763951253057
0.877826192232646 0.630455343142934
0.812631793113441 1.35357576456537
-2.44730809183537 -0.702669722815167
-2.18901774348025 -0.362450123148666
-3.42516192304527 1.21530731065657
1.74456361634007 0.637936006514191
0.210333565381266 0.318025224156118
-1.80691728507391 0.177707667518016
-2.10630896182825 -1.07212920722612
-1.60124944445082 -1.57954751761939
2.20211044873335 -0.704742457785818
4.31920442373077 0.267962151365267
-2.13682599825156 -1.29143189326734
-2.43170117573436 -0.913054709898089
-2.75628170875414 -0.516724531816769
-1.62365660689041 0.845887405442551
-2.12361285909884 0.379316759395063
-3.65446539425467 -0.0498164677158742
-2.5182930422579 -0.372280135561385
-3.41508341702528 -0.014625014388747
0.506171934764627 -0.868205308908956
2.48756591809857 -0.682775575659156
2.3855890454911 0.305210774063093
-3.352098719234 0.541189658099985
4.21610424584556 -0.639616390824801
-2.09308398637818 0.159444870404974
0.86253962712419 0.198905107373357
-0.981787730575267 -0.27869490179061
-1.76497640889644 -2.18347224409889
1.60622273519035 0.744279982579161
1.43032944612704 1.2662182329979
-1.37250040997798 -0.777139734669636
-1.64959722983777 2.67099917615209
-2.71871566603989 -0.398045361377859
-1.55587164883879 -0.769508532621014
3.10974143218032 -0.100000122277551
2.99568494480557 0.096484565856954
0.760055933342922 -1.04231165097297
-1.05730292454647 -0.0729460338683556
2.63990704374853 -1.58359189928561
-1.78593904005955 0.46751770183143
1.98023999665937 1.38884157612676
1.9759495876054 1.01032818063533
-1.3961233337734 0.130089588518371
2.35622533703622 1.02320939178489
-1.9080280896663 0.130833038166029
-1.79080894203763 0.359350517079385
3.1620764763782 1.8164505651458
3.22896561467076 0.263404596558545
-1.93497745268851 0.863672269617198
3.14397256243261 -0.38109977366283
-3.12951726050323 0.384000183021385
1.98284804520708 0.957452123872677
2.59336391431954 1.73040831093397
-1.66404059520792 0.221099536612584
0.382414013129246 -0.580633752215253
3.29133486911288 -0.45279640736596
3.80808024211819 0.245454470986111
1.5387413890608 -0.842190944457582
-1.33565732089359 -1.25335700272352
0.549781558619909 -0.406154540714614
-1.34935767675688 1.59382836912611
2.54871550857806 -0.189361548516527
-2.96038207117949 0.384424884286152
-1.64276234702855 0.145309060603784
2.16712231676056 0.400840044603066
3.53702077068745 -1.12167121797577
-2.58773884614408 -0.321138451216352
-2.7998402172952 -1.09253506642934
-2.35408467910286 0.585377261306472
-2.23029939224956 -0.206747852861615
-2.77421583333049 0.861350665213676
1.21832935737163 -0.183381098751604
-2.73019917633735 -0.0167467765655088
2.5955276294056 -0.255830755610415
-2.41815001777355 0.970962317615805
1.53542553768721 0.816606395484366
-2.93698037074712 -1.60982389568837
-1.12066330849534 -3.19465061061446
2.2504403941484 -0.55767558384682
-1.95676622253326 -0.11116023595835
1.5697154217903 1.22104749766053
-0.689638992858561 -0.697250056745538
-2.31334757402635 2.57123727369194
-1.47608559802096 0.697724186535041
-1.46588279471433 0.0855584647024076
1.63562090942644 0.74709548756954
-2.02460000906797 0.880769332783942
-1.40281372993807 0.348301868993111
1.5042583332295 0.850547067223627
2.79803930176493 -0.969767756740157
2.38639135297756 -0.417954053907218
2.70574929717107 0.143405635672623
-1.10842058543913 0.431863078353237
-0.0318891214858872 1.12112931643811
-1.49622260670339 -1.18986353603036
2.39422473572416 1.35453694215675
2.8631505463007 0.124210194584287
1.81602233097583 -1.31567641800189
1.74557815641983 2.54150876204356
2.1614840497027 -0.78836339715785
-0.662786708582658 -1.21009232160637
2.61711209755261 -0.30189022778568
2.07461535160962 0.772815035764174
3.34591956332768 0.380425430429012
2.38875916783578 1.74833424358531
-3.97230523490738 -0.0936384129504989
3.12598695516154 -2.05016313146601
-2.90588215672208 0.706401161687651
-3.51723323625886 1.95269714734775
-1.78575406851115 0.57485429668596
1.01272204195578 -0.30747663017017
2.47648386215475 -0.274876845465585
3.63910906270962 0.0860512874292836
3.22112760159966 -0.523792597478497
1.00840276357742 0.958163093578735
0.590052759859199 1.88370950317203
-2.12961736080728 1.59139547653579
-1.69946347173087 0.988886994723308
1.86608114310532 1.12378077196527
2.81809859933189 -0.278349418938463
-3.61548314089232 0.134997450583825
-0.938553922215801 0.128013799836395
1.25288095099518 0.127134627866338
-2.38425073041843 -0.98070405595236
2.6533018125133 -0.334879599262321
2.74118333833575 1.0664837570408
2.12066039340027 0.269325139741755
-0.323113016074642 -0.0671709499341814
2.22643743235507 1.09209341173352
-1.95021408597983 -0.92587908528811
2.19633623315091 -0.406243238550226
-3.17362135498923 1.05364884979081
-2.3602092864626 -0.781193764932295
-1.40980933170147 -0.605361807534321
0.498174045090991 -0.194819876443147
1.96805078940769 0.932840065789479
-2.43574963849942 -0.363067473208604
-2.51565935646334 0.25845016188435
-1.43737534819779 0.751158639300119
-1.9356644093673 1.50348416333389
-3.81010130814323 0.428001097723318
-1.42362340919996 -0.902255552525366
1.15807548873322 0.956385742943949
-2.35942684461286 -0.263034107755071
0.325076845276121 0.541228668010803
2.39724368967492 -0.63625500416253
3.17298690176824 1.20495925649961
-3.22934568908136 0.325707485797758
2.00679072301272 -0.387828914206882
-2.33550823528271 0.761306294149549
-1.73529118367673 0.137783159363131
2.78738622248792 1.34276186961175
-2.46543405477902 -1.33302857205729
3.0798884209624 -1.38564661836277
-1.60572999946422 -0.5849594115731
0.593554561150486 1.2368320823147
1.55933731340328 0.421341066912963
-2.84743410797599 0.802596051478651
-0.692771259822216 0.95203363721638
1.00515755556891 0.621065492616806
2.44724198558426 -1.47616281947695
2.9582773594772 -0.264884291582727
-0.645623860795735 0.78205495877383
0.488944706830027 0.354703997452197
2.53430285269486 0.755445638657211
1.08089902662975 2.47495226033339
2.45544671261339 0.1287161761919
-4.1025839875774 -0.815666355089897
-1.26476773797863 1.3422427119362
-1.01261301948544 0.0081015678763126
-0.904857780818624 -0.266024597900086
-2.24213329469231 1.55894983990334
-2.48232921664518 0.603098859349008
-0.731199580749241 -0.28659735224987
-2.30794497356406 0.519871399449157
4.09525484259973 0.656085815746425
0.518634050013332 1.57524882521937
-2.77111102353223 0.0506631324527714
-0.523321187053791 -0.34018786391619
0.832009607089466 1.22954008339346
0.408373471033176 -1.22213877831152
1.77856755178996 0.709472615629781
1.19706266527584 -1.51105879724814
-1.21559528591445 0.561626806258273
-2.7336379871742 -0.106721919677779
-2.77595963716237 -1.07277997624338
1.28753810395445 -0.509857241196491
3.81413794219232 -0.949332480334029
0.693546586768194 1.29760200844302
-1.93265826796702 -1.41795608804846
-1.64012119227653 0.938941648203387
2.47474853440841 -2.96013292016244
1.10127340097943 0.658960999703872
1.48265141644089 -0.911144850003131
-2.02473717411813 -1.21827329634964
1.89380238114043 1.05087199304047
-2.46923721659808 -0.791667366346734
-1.24825141511344 -1.17033382335087
2.20355127187458 -0.071283445669923
-4.20478286335446 -0.365634409206585
1.99227663058997 1.50985723458224
-1.53025176858591 0.275902844143642
2.14118497974921 -0.32311800171453
2.63848562630748 0.673466266021548
0.722605774518517 0.967598104625455
0.847245561557352 0.492430016434627
-2.08333069699539 0.303017948515255
-1.81170428201101 0.269138406155225
-2.94179272041031 0.822587413492425
2.9655178106571 1.26191069758095
-3.30323627868035 -1.56325118784384
-2.0756536946422 -1.13132681057558
-0.455718473723029 0.194057597266211
0.383958860345511 0.636374848719576
-3.15935900373633 -0.984254549704028
-2.59824290436027 -1.28008661570341
3.13010485394289 1.1356291595237
-1.32419034518769 -0.927824158368647
-1.50620844778283 -0.312916755002186
-2.35540111174437 0.400154127668818
-2.31556294994074 0.264837829479177
-1.21150674278698 -1.37937158675866
-3.60604063035591 0.496663266681518
-3.40440259572969 1.44742764405339
-1.12595168490481 0.439275697876053
2.02092469422298 1.97751882986809
-1.16272652414595 -0.479666759685386
4.21710244347334 -1.43172629553874
2.88439405296967 -1.08734615892512
1.92383760443595 2.36405118030945
1.87402307721958 0.29476423026855
-2.22827156647297 0.566625269489287
-3.00982355802832 -0.175969412404434
-1.95514238535167 -0.638302968951288
1.7757716464624 0.143332968096817
1.75522891463936 -0.103561276300768
-2.79015777169858 0.296301968268057
-1.77274331817083 0.439014915748177
-1.52217487615296 -0.166438347073003
-3.30162871537169 -0.603204454965533
1.39577225845416 0.412341778049862
1.40275178331128 -1.22479640029299
-3.89740099921315 -0.0099809034844516
2.32383255583899 0.119909901180541
3.11537364045104 -0.750240950401593
1.55464669452766 -0.352903202203647
2.6408822329115 0.019448747886682
2.90338243849165 1.25179515280406
1.26623852311847 -1.93693045959522
0.210466098216959 1.68128398255392
-0.726521964979087 1.08113076003177
0.459091244451777 0.882746447509158
1.34454197944223 1.15987965132438
-2.90056594216959 0.7336841594113
-2.63323983817077 -0.894902406486384
-1.85287411592142 -0.107587815640781
-1.2174345448273 -0.171843990664102
-2.12953612359417 -0.105823793984973
5.18168216500205 -0.0121619456558934
2.21248250675906 1.17257302173746
0.924210698207607 0.360079997059554
1.38782991344572 -1.26379811679733
1.78801694639811 -1.39551354711414
-0.654178304896567 -1.64770927853695
-0.548076519466459 0.59786713312902
-1.7296063833842 -0.815520433687698
2.03194590582482 -0.420549722031778
-1.1100683663822 0.651698347673647
-2.86886863434795 -0.945023088208237
-1.54241166610592 0.352404822409088
0.467736694545943 -0.662491172259959
-0.00835162664264599 -0.84069329961054
2.41313898223862 -0.296961558516914
1.34331717001412 0.0386282130087271
-2.14060983945082 1.52124308181975
2.13913260561194 0.459243332508352
-2.00734463793486 -0.0324203098932372
-1.90254978741696 1.10267966342201
-1.68423333746184 0.486388565319194
-2.11032638972913 0.0933584815265535
-2.35470878611709 -0.635800598197435
-3.25139312310365 -0.439498302290669
2.93776842309519 -1.80680762278678
-2.84314830753345 -0.286193198103395
2.62382710441089 -0.0809812377606459
1.46867028042828 -1.80959591552556
-0.334441872980155 -1.34385158285576
-1.39675811085162 1.8323383037062
-1.01376341285992 -0.721656487372607
1.8773318934539 1.21731816068307
-1.61122765284663 -1.7940473246856
-2.05776835774607 0.673861541121177
3.40415286771857 0.215764566775071
1.76736266594862 0.466684136086574
1.10581382256661 -0.78983327518573
-0.986419410815968 -0.101765935457716
0.707073587596403 -0.0817943237731577
-2.15900179258735 -0.720474465208349
-3.59636158226821 0.793201181423394
2.59407930640201 -0.807678205667584
-2.42165471090414 -0.253649328958494
-1.97193989161077 -1.63611087466614
2.82711933289234 0.688036798816468
-2.61719704182065 -0.445041569101803
-1.24066439357 -0.174803520575187
2.04501617279155 0.436312196101873
0.566029748718322 -0.133871589768863
2.292042519187 1.43537759003805
-1.61706489874222 0.866319659258797
3.46577237338049 1.28245868208365
3.31903800611185 0.604115124876706
-0.478817985311636 1.33391903264823
-2.2370266167432 -0.919297462138618
-1.69281912659995 -0.00222538784270413
-1.90656910987761 -1.29788057514579
3.34662122834335 -0.730052538827222
-1.65884875034809 -1.30142127553452
2.59130448912574 -0.0329111204560823
0.801775670368825 -0.392767459216793
2.60603517046336 -0.34869751831365
-2.03593566084069 -1.04863914107756
0.592283652966925 0.62047367634086
-1.7326938546178 -0.260714833032686
-1.6640668493104 0.541965734038083
-2.52613443899746 0.861320335188154
3.5401481547315 0.0994621406985494
1.47131343545014 -0.468758924680683
-2.04004627245525 -1.56537986805878
-1.47707637346915 -1.33881926379194
0.0388727028130726 -2.18996609782157
-1.75956800871638 1.56788859403183
0.93749303404824 -0.626964176550141
1.67906326765209 -0.946723448837892
-3.09472316669483 -0.198772329182044
-1.22341609460216 -1.43223417658358
-2.28940801221736 0.402139212944336
1.21811788020127 -0.0526125096927364
2.05740379369941 -2.24293414121816
0.337424163895242 -0.592560067236397
2.85470556875412 -0.0775852581376827
-2.97843265190808 -0.270341323038582
-2.05510086892719 1.20447287786205
-1.81937446800881 0.94212950316894
2.64244666683871 -1.35597519986793
2.62010671330775 -0.218732039268452
3.09247744676724 -0.258501301516436
0.307434324167164 1.36471518615554
-1.48448879513036 2.36365857798664
-4.02964919695867 -0.974976063255544
0.292307771655012 -0.731629309311584
-2.09206346450364 1.11381423049909
-1.27613533823512 -0.312454035810701
2.21711713945042 -0.310414897633504
2.50441500121927 -0.318287753966216
2.0913934588255 -0.90482312691262
-3.74234276003862 1.13648127265584
-0.977399744450467 -0.545450702192775
-3.28290825090065 -0.507145728790993
-2.14468719856419 1.15942105013621
2.7075556678719 -1.74731357152668
1.36947872815407 0.606408126330131
-2.66251491141185 -1.06862377747454
2.5353590719972 0.670477859554895
1.86126218232235 -0.220464422501584
-4.75782439770268 -0.484734566866383
-2.26906304719333 -1.83667226042908
1.54004757600033 1.57560542785194
2.5674082779103 -0.905720758937704
-1.58661585227608 0.403896358011285
-4.89087257033937 -0.205952292243679
2.95027710598822 0.906280202418183
-2.33002321482276 0.165554861558646
-2.48864196841019 0.283777527136054
-2.77873163146389 -1.00471402231366
-3.6748059157959 0.0044048868708112
0.896846732401031 -0.0103642491508699
2.9969291385309 0.835717509877652
0.857447762475831 0.369448243045183
