0.034667
0.053667
0.020000
0.167000
0.013667
0.077333
0.676000
0.125333
0.009333
0.007000
0.185000
0.480667
0.214667
0.714333
0.156000
0.043667
0.583667
0.028667
0.717000
0.030000
0.021000
0.130333
0.056000
0.078333
0.028333
0.389333
0.498333
0.060000
0.021000
0.010000
0.492000
0.001000
0.167000
0.001000
0.001000
0.478333
0.989667
0.997667
0.643000
0.562000
0.031667
0.167000
0.016333
0.678333
0.048000
0.679000
0.025667
0.001000
0.191667
0.450667
0.586333
0.751667
0.026000
0.500000
0.042333
0.538333
0.413667
0.158000
0.042000
0.016000
0.842667
0.053000
0.639333
0.871333
0.852000
0.016667
0.027000
0.051667
0.047667
0.001333
0.001000
0.105333
0.160333
0.016333
0.001000
0.024000
0.001000
0.074000
0.599000
0.288000
0.026333
0.009667
0.047000
0.001000
0.422000
0.001000
0.161000
0.132667
0.224333
0.961333
0.095333
0.379333
0.072333
0.568000
0.249000
0.036333
0.103333
0.815667
0.491000
0.460667
0.046333
0.128333
0.841667
0.026667
0.080000
0.574333
0.169333
0.659333
0.428000
0.223000
0.058333
0.505667
0.082000
0.201000
0.438000
0.541000
0.425000
0.014667
0.981000
0.121000
0.010667
0.784667
0.141667
0.523000
0.202667
0.001000
0.054333
0.029667
0.064667
0.343667
0.480667
0.071667
0.001000
0.047000
0.598000
0.001000
0.012333
0.574000
0.546333
0.991667
0.595000
0.130333
0.635333
0.012667
0.228000
0.133000
0.641333
0.049667
0.031667
0.072667
0.463667
0.964667
0.020667
0.012333
0.726000
0.072333
0.848667
0.291000
0.177333
0.055000
0.056333
0.237333
0.001000
0.016000
0.017000
0.030000
0.493000
0.129000
0.050667
0.763333
0.143333
0.037667
0.890667
0.001000
0.218000
0.562000
0.447667
0.052000
0.197333
0.001000
0.017000
0.122000
0.047667
0.447000
0.081667
0.001333
0.032000
0.063000
0.017000
0.059667
0.027333
0.031000
0.512000
0.048000
0.199000
0.362333
0.601000
0.957667
0.516000
0.033000
0.001000
0.017333
0.373667
0.083333
0.054333
0.665333
0.919333
0.050667
0.472000
0.167000
0.048000
0.039667
0.586333
0.486333
0.001000
0.324333
0.086000
0.012333
0.014667
0.001000
0.161333
0.421667
0.024000
0.119000
0.924000
0.143000
0.701000
0.099000
0.005667
0.047667
0.157333
0.001000
0.001000
0.031667
0.055667
0.034667
0.673333
0.001000
0.618333
0.017000
0.113333
0.055333
0.079667
0.915667
0.011000
0.644333
0.001000
0.026333
0.442333
0.193667
0.941667
0.019333
0.416333
0.167667
0.015000
0.001000
0.002333
0.030667
0.005000
0.294000
0.016000
0.650667
0.001000
0.209667
0.007000
0.017000
0.572333
0.183667
0.061333
0.829333
0.055333
0.434333
0.951333
0.051667
0.018333
0.020000
0.061333
0.568000
0.908667
0.059000
0.059667
0.075667
0.589667
0.206333
0.840000
0.097333
0.017333
0.017333
0.499000
0.020000
0.242000
0.054667
0.651000
0.045000
0.581333
0.555333
0.007667
0.001000
0.266333
0.016000
0.016333
0.050333
0.075667
0.037000
0.278000
0.606000
0.190333
0.001000
0.167667
0.066667
0.015333
0.057000
0.572333
0.030333
0.047667
0.521333
0.258000
0.001000
0.836667
0.002333
0.001000
0.080000
0.857000
0.263667
0.689333
0.001000
0.022333
0.450667
0.208333
0.029333
0.159667
0.001000
0.490333
0.712000
0.462333
0.027000
0.487000
0.489333
0.288333
0.331000
0.001000
0.144333
0.660333
0.544000
0.014000
0.049333
0.001000
0.444667
0.549333
0.134000
0.659667
0.220333
0.030000
0.582333
0.029333
0.532667
0.024333
0.001000
0.219667
0.006333
0.837333
0.053667
0.165000
0.259333
0.080667
0.016000
0.001333
0.016333
0.002333
0.928333
0.659333
0.052000
0.580333
0.028667
0.246667
0.549667
0.077667
0.498333
0.014000
0.109000
0.055333
0.318000
0.075333
0.231667
0.264333
0.453333
0.050667
0.025000
0.611667
0.048000
0.016000
0.006000
0.190333
0.083333
0.693667
0.010667
0.150000
0.196333
0.052000
0.042000
0.439667
0.082333
0.564333
0.001000
0.016333
0.098333
0.086000
0.029000
0.976333
0.559000
0.024667
0.024333
0.088333
0.001000
0.002000
0.913000
0.386333
0.181000
0.061333
0.079333
0.026000
0.621333
0.064333
0.142667
0.090000
0.135333
0.262667
0.030000
0.170333
0.037333
0.384333
0.681667
0.438667
0.131333
0.026000
0.001333
0.058667
0.036333
0.124000
0.092667
0.925000
0.082667
0.476667
0.182333
0.691667
0.001000
0.454000
0.001000
0.005333
0.001000
0.491667
0.029000
0.001000
0.621333
0.199000
0.478333
0.111667
0.239667
0.001000
0.001000
0.349333
0.001000
0.004333
0.070333
0.170333
0.752667
0.165667
0.951667
0.195667
0.010000
0.168000
0.820000
0.024000
0.030000
0.086000
0.088333
0.528000
0.594000
0.127000
0.064667
0.889333
0.001000
0.440667
0.024000
0.379333
0.454667
0.047000
0.762333
0.006667
0.704333
0.178667
0.562667
0.069000
0.616667
0.638667
0.591333
0.053333
0.011000
0.025667
0.499667
0.544000
0.094000
0.491333
0.850667
0.748000
0.001000
0.432667
0.816333
0.001000
0.017333
0.001000
0.008667
0.170667
0.041667
0.039333
0.099667
0.114333
0.001333
0.488000
0.001000
0.003667
0.638000
0.690000
0.057000
0.008667
0.677333
0.189333
0.271667
0.680000
0.056333
0.843333
0.016000
0.152667
0.533000
0.237000
0.045667
0.002333
0.026667
0.148000
0.311000
0.628667
0.001000
0.049667
0.065000
0.099667
0.922000
0.044333
0.020000
0.091000
0.002000
0.559000
0.600000
0.004000
0.015667
0.723333
0.999000
0.944000
0.741667
0.502667
0.021667
0.682333
0.221667
0.105333
0.450000
0.048000
0.460333
0.001000
0.381667
0.265333
0.017000
0.045000
0.060667
0.025667
0.024667
0.561000
0.030333
0.090000
0.042000
0.152000
0.424000
0.636000
0.650000
0.048000
0.086000
0.093333
0.049667
0.689333
0.308000
0.613667
0.086667
0.137000
0.991667
0.017000
0.083333
0.017000
0.082333
0.840333
0.509000
0.981000
0.398000
0.019000
0.220667
0.850667
0.026000
0.467333
0.433667
0.695000
0.053000
0.001000
0.056667
0.054667
0.570000
0.016000
0.010333
0.524667
0.928333
0.580333
0.030000
0.099000
0.073000
0.040333
0.014667
0.015000
0.446000
0.090000
0.588667
0.018333
0.024000
0.599333
0.393000
0.028667
0.051333
0.017000
0.046667
0.380667
0.164333
0.009333
0.071333
0.076667
0.001000
0.380000
0.030000
0.020000
0.474667
0.933667
0.459000
0.031000
0.201667
0.130667
0.001000
0.017667
0.479000
0.072667
0.009333
0.581333
0.010667
0.004667
0.012000
0.100000
0.381000
0.017000
0.553667
0.622667
0.142667
0.489333
0.151333
0.053333
0.527667
0.080000
0.047000
0.049333
0.237333
0.001667
0.107333
0.669667
0.057667
0.054667
0.053333
0.945667
0.021333
0.001000
0.606333
0.001000
0.128000
0.001000
0.239000
0.194333
0.001000
0.030333
0.512000
0.043333
0.001000
0.449000
0.053333
0.015000
0.695000
0.711333
0.501333
0.068333
0.054667
0.001000
0.900333
0.991000
0.110333
0.017000
0.147333
0.192333
0.011000
0.551333
0.371000
0.075000
0.017667
0.030000
0.001000
0.001000
0.001000
0.879667
0.098333
0.976333
0.001000
0.041333
0.067333
0.669667
0.646667
0.030000
0.052000
0.470000
0.581667
0.197333
0.322000
0.532667
0.167000
0.117333
0.017000
0.596333
0.072667
0.057667
0.013667
0.567000
0.526667
0.668333
0.900000
0.034000
0.952000
0.001000
0.481333
0.079667
0.025333
0.207000
0.317000
0.018667
0.239000
0.188000
0.054333
0.475333
0.001000
0.056667
0.153000
0.573333
0.313667
0.797333
0.195667
0.057000
0.003000
0.048000
0.989000
0.132000
0.585000
0.015667
0.927333
0.034333
0.071000
0.065333
0.565000
0.147000
0.027000
0.093000
0.930667
0.569000
0.017000
0.343000
0.075667
0.890667
0.027333
0.098000
0.421000
0.045000
0.139333
0.758333
0.001000
0.001000
0.088667
0.197000
0.025333
0.067333
0.168333
0.001000
0.030000
0.426333
0.242000
0.208000
0.919000
0.070667
0.001000
0.001000
0.483333
0.066333
0.049667
0.057000
0.001000
0.152667
0.010333
0.289667
0.652333
0.595667
0.010333
0.183000
0.001000
0.001000
0.048000
0.150667
0.667333
0.061667
0.058333
0.082667
0.020000
0.047667
0.805667
0.473000
0.590000
0.857333
0.029000
0.369333
0.001000
0.870667
0.999000
0.639333
0.436000
0.001000
0.442667
0.391667
0.652667
0.026333
0.001000
0.037333
0.017000
0.011333
0.095667
0.996333
0.011000
0.433667
0.013000
0.040000
0.010667
0.001000
0.028000
0.106667
0.046000
0.073333
0.014000
0.084333
0.618333
0.001000
0.538333
0.989000
0.003333
0.938000
0.081333
0.009333
0.015667
0.055667
0.999000
0.015333
0.076333
0.032000
0.074000
0.155000
0.029000
0.066667
0.029000
0.282667
0.030000
0.003000
0.603667
0.521000
0.242000
0.137333
0.110667
0.050667
0.648000
0.208667
0.678667
0.017000
0.024667
0.615667
0.053333
0.153667
0.055000
0.557000
0.001000
0.083333
0.052667
0.198000
0.018333
0.470667
0.559667
0.482333
0.066333
0.449333
0.144000
0.544667
0.595000
0.001000
0.567667
0.055000
0.037333
0.021333
0.001000
0.028667
0.812000
0.343000
0.037333
0.017000
0.016667
0.061000
0.016000
0.001333
0.015667
0.239000
0.232667
0.105667
0.073667
0.016333
0.064333
0.002000
0.016000
0.127667
0.161000
0.066667
0.017000
0.017000
0.991000
0.542333
0.263000
0.001000
0.194333
0.584333
0.024333
0.620000
0.094667
0.073333
0.249667
0.668667
0.069000
0.658333
0.136333
0.083333
0.001000
0.088667
0.532333
0.670000
0.221000
0.565333
0.012000
0.148000
0.478667
0.715667
0.323333
0.001000
0.493667
0.510667
0.198667
0.127000
0.477000
0.056667
0.078667
0.088333
0.013667
0.119000
0.489667
0.101000
0.844000
0.312667
0.045667
0.167000
0.415000
0.047000
0.882000
0.027000
0.031000
0.510333
0.132000
0.128000
0.049333
0.015000
0.058000
0.420000
0.001000
0.001000
0.587667
