0.007254
0.030175
0.024734
0.004645
0.009619
0.015956
0.031043
0.005053
0.036199
0.008534
0.004003
0.015837
0.002695
0.033387
0.005974
0.008306
0.002738
0.021702
0.026356
0.008215
0.021018
0.007815
0.006377
0.003543
0.012390
0.015352
0.007861
0.042141
0.014178
0.031998
0.005576
0.017953
0.004292
0.023461
0.028761
0.017533
0.054110
0.095130
0.003751
0.003766
0.004577
0.007924
0.005447
0.022761
0.026222
0.029570
0.005476
0.025154
0.003779
0.072010
0.002590
0.028329
0.024214
0.046130
0.036928
0.002399
0.004664
0.005248
0.009332
0.007349
0.088186
0.010475
0.015348
0.048209
0.044119
0.015827
0.023687
0.013836
0.026276
0.006824
0.005283
0.023537
0.012304
0.007035
0.018015
0.022624
0.021047
0.030077
0.008175
0.003136
0.025951
0.005988
0.004955
0.021323
0.015159
0.021177
0.032588
0.003128
0.003009
0.103464
0.006131
0.002606
0.006356
0.003513
0.002772
0.004766
0.005582
0.084504
0.015029
0.008775
0.024202
0.023876
0.028405
0.017345
0.007576
0.002171
0.006528
0.022683
0.008343
0.003517
0.003400
0.024391
0.003922
0.004414
0.010740
0.002492
0.009254
0.014132
0.074542
0.007720
0.017915
0.044997
0.003302
0.016116
0.002881
0.015360
0.021152
0.004470
0.005943
0.002425
0.002335
0.010228
0.023444
0.006678
0.002484
0.027474
0.025277
0.005547
0.002697
0.050429
0.005739
0.006836
0.003632
0.019223
0.073233
0.007801
0.014878
0.067676
0.048656
0.020730
0.006945
0.081624
0.006985
0.022047
0.033807
0.011695
0.026235
0.002979
0.004443
0.005208
0.025343
0.002357
0.025907
0.026672
0.007692
0.062686
0.017830
0.010361
0.005054
0.045203
0.005575
0.025004
0.039798
0.024877
0.002792
0.014513
0.012436
0.034097
0.004299
0.020348
0.005801
0.015284
0.011142
0.013776
0.019483
0.017953
0.005651
0.006743
0.006868
0.011748
0.065663
0.006048
0.002086
0.022092
0.003581
0.002476
0.005402
0.089429
0.012085
0.040444
0.028729
0.014647
0.018436
0.020191
0.005625
0.021238
0.045264
0.010114
0.014116
0.005766
0.003627
0.005055
0.002871
0.014569
0.022014
0.003198
0.004144
0.016953
0.022391
0.026287
0.009359
0.007646
0.043478
0.005084
0.058302
0.003815
0.032060
0.005173
0.023605
0.011990
0.002724
0.018478
0.019422
0.027163
0.027491
0.007034
0.026929
0.021530
0.005855
0.005481
0.019018
0.006952
0.004145
0.053123
0.019437
0.017701
0.019200
0.021681
0.010002
0.003829
0.096504
0.008978
0.001871
0.010544
0.018680
0.022014
0.020992
0.029503
0.025609
0.066772
0.020445
0.005352
0.021878
0.004699
0.016980
0.021262
0.005797
0.003988
0.003227
0.026343
0.032913
0.002867
0.087498
0.003023
0.011288
0.009311
0.006266
0.002887
0.095849
0.028660
0.007896
0.005858
0.015184
0.002999
0.036188
0.007636
0.005913
0.004775
0.002485
0.025287
0.003078
0.014421
0.031271
0.070178
0.003639
0.009972
0.020692
0.024176
0.003291
0.023039
0.005861
0.013467
0.002687
0.008881
0.004015
0.049107
0.003783
0.021679
0.004582
0.007764
0.022975
0.007596
0.002380
0.042301
0.014955
0.017553
0.003222
0.021704
0.039160
0.019909
0.033071
0.002858
0.034666
0.004614
0.033724
0.023940
0.036077
0.008837
0.004235
0.004742
0.005562
0.021878
0.012522
0.047740
0.009410
0.012602
0.017971
0.013109
0.003581
0.002126
0.022026
0.004652
0.037425
0.002618
0.019957
0.017485
0.030505
0.012840
0.012653
0.018286
0.083710
0.004944
0.035102
0.017542
0.011485
0.007302
0.004609
0.017882
0.005160
0.017858
0.050109
0.011337
0.005801
0.003216
0.003263
0.025549
0.007108
0.032809
0.019923
0.033042
0.003005
0.004727
0.005698
0.004745
0.002783
0.016263
0.003349
0.002061
0.017990
0.008853
0.006314
0.006112
0.079778
0.003004
0.004406
0.015561
0.021409
0.022428
0.005432
0.021058
0.021642
0.007462
0.004141
0.004332
0.028400
0.030684
0.005183
0.012622
0.004537
0.011463
0.010595
0.013907
0.002292
0.024093
0.009164
0.009462
0.006320
0.012988
0.083078
0.004738
0.049832
0.062518
0.013088
0.010984
0.006471
0.094383
0.002396
0.003023
0.004089
0.016989
0.017519
0.004143
0.006760
0.005042
0.023043
0.005678
0.002969
0.029253
0.004412
0.009364
0.003083
0.082779
0.006013
0.013700
0.027064
0.006018
0.026903
0.070695
0.012979
0.005779
0.046674
0.026437
0.009891
0.006129
0.037351
0.022783
0.002060
0.022619
0.025288
0.022081
0.009167
0.031264
0.027933
0.003648
0.003675
0.008322
0.009357
0.003291
0.032647
0.024504
0.002840
0.023302
0.007405
0.003354
0.003948
0.042009
0.005655
0.035676
0.004311
0.033208
0.046798
0.035425
0.016113
0.005155
0.005991
0.017978
0.002314
0.005508
0.012207
0.006677
0.094486
0.025262
0.009555
0.017855
0.010571
0.013760
0.026051
0.039499
0.031119
0.028478
0.005398
0.007227
0.035028
0.009814
0.004465
0.004200
0.015387
0.044201
0.058316
0.002742
0.002444
0.007926
0.002935
0.090575
0.034458
0.034806
0.002370
0.078078
0.024460
0.016775
0.020992
0.018921
0.005441
0.005884
0.003885
0.005662
0.003261
0.025675
0.014088
0.026394
0.025262
0.024299
0.022771
0.006377
0.009245
0.002414
0.005967
0.005466
0.026881
0.006002
0.048843
0.024332
0.003326
0.080799
0.004062
0.058309
0.026577
0.058751
0.004569
0.002845
0.002801
0.021927
0.014418
0.018231
0.006507
0.076606
0.036712
0.021454
0.044104
0.006416
0.019110
0.002691
0.020755
0.019184
0.031052
0.067247
0.093800
0.042953
0.009791
0.047024
0.033251
0.007969
0.006058
0.007165
0.010261
0.040229
0.006879
0.009803
0.002382
0.005666
0.008325
0.004646
0.022830
0.024432
0.015849
0.035738
0.043791
0.006693
0.006184
0.002676
0.003707
0.035793
0.003926
0.006192
0.020802
0.037674
0.033367
0.006313
0.018894
0.019163
0.007827
0.096706
0.007516
0.024944
0.006499
0.029150
0.033363
0.005374
0.092762
0.002979
0.022233
0.004305
0.034317
0.027025
0.045180
0.016289
0.040958
0.069468
0.025581
0.023619
0.007041
0.001993
0.023559
0.047475
0.002130
0.042279
0.006154
0.025874
0.015161
0.019662
0.006295
0.017954
0.017195
0.002438
0.003610
0.002910
0.014236
0.025291
0.026288
0.007541
0.037229
0.006039
0.016707
0.003880
0.002236
0.006668
0.018553
0.007708
0.072825
0.021637
0.002297
0.004429
0.023478
0.006436
0.087165
0.015448
0.004871
0.004651
0.011280
0.024932
0.017259
0.013434
0.008087
0.039569
0.003253
0.021213
0.028976
0.018586
0.003449
0.083098
0.015451
0.012593
0.004889
0.007636
0.006475
0.006147
0.006501
0.010652
0.033552
0.019278
0.011117
0.005353
0.018714
0.010415
0.020360
0.010949
0.037030
0.009132
0.094054
0.029121
0.027593
0.006040
0.034276
0.013592
0.029232
0.002830
0.003460
0.005676
0.010927
0.014594
0.009485
0.021645
0.002909
0.006959
0.017105
0.041248
0.024713
0.005027
0.017271
0.041583
0.031468
0.036216
0.092617
0.009674
0.006530
0.004918
0.006265
0.036046
0.013767
0.015800
0.019609
0.005944
0.050263
0.023647
0.030998
0.030349
0.044120
0.005998
0.101469
0.030416
0.006650
0.029253
0.043581
0.005023
0.032180
0.005805
0.009482
0.003919
0.004093
0.004522
0.012050
0.005324
0.006466
0.032100
0.004996
0.004941
0.013991
0.019447
0.005212
0.009199
0.019629
0.039321
0.009179
0.027870
0.022130
0.012854
0.011223
0.006693
0.003894
0.009885
0.020488
0.075977
0.003933
0.039114
0.012527
0.022483
0.024916
0.067296
0.003669
0.038740
0.037424
0.051852
0.018889
0.014911
0.003763
0.038290
0.004336
0.005897
0.039615
0.045095
0.029013
0.016434
0.004064
0.002228
0.005841
0.041638
0.005351
0.031750
0.002251
0.014147
0.001821
0.009221
0.022753
0.041918
0.006136
0.009291
0.004962
0.003381
0.083110
0.026535
0.018908
0.008113
0.003951
0.057429
0.025784
0.004385
0.026293
0.055609
0.001858
0.076188
0.003366
0.080247
0.026254
0.014538
0.024992
0.002774
0.010683
0.004782
0.031468
0.030405
0.004978
0.010803
0.002707
0.022685
0.050622
0.019066
0.004108
0.006630
0.029660
0.030408
0.008625
0.017982
0.009189
0.006965
0.006438
0.033645
0.004809
0.028403
0.016853
0.003660
0.038410
0.009295
0.002945
0.030820
0.041838
0.096862
0.026446
0.010073
0.014536
0.009995
0.013437
0.035651
0.044067
0.030919
0.027301
0.020916
0.013897
0.003162
0.042800
0.041153
0.009119
0.019233
0.004621
0.024291
0.012590
0.034227
0.018974
0.013736
0.006590
0.011481
0.012048
0.010079
0.013950
0.010869
0.108749
0.021968
0.088302
0.005556
0.040858
0.022990
0.018810
0.030225
0.022540
0.005265
0.039583
0.003914
0.007708
0.055819
0.023575
0.072229
0.002309
0.035901
0.023019
0.003892
0.018851
0.070081
0.003540
0.012900
0.004402
0.038693
0.076499
0.035139
0.026481
0.047414
0.002018
0.007850
0.044974
0.008539
0.015989
0.018167
0.023338
0.007276
0.004426
0.006739
0.010233
0.013688
0.012790
0.007915
0.007872
0.014537
0.021755
0.002828
0.022321
0.004689
0.006438
0.070160
0.017638
0.018754
0.027375
0.038321
0.001803
0.005718
0.015663
0.005022
0.041391
0.026800
0.021249
0.035140
0.043430
0.005515
0.014710
0.025828
0.004546
0.006760
0.025125
0.013520
0.016122
0.002822
0.013888
0.005495
0.018771
0.056850
0.003759
0.003728
0.030881
0.003941
0.003421
0.038956
0.003272
0.019488
0.017862
0.002035
0.022628
0.008433
0.094865
0.004033
0.019712
0.024367
0.007804
0.007612
0.022793
0.003882
0.002705
0.021049
0.007665
0.002566
0.027216
0.002408
0.018141
0.002285
0.002781
0.004310
0.006074
0.012553
0.011726
0.019287
0.003888
0.019371
0.072060
0.002773
0.009980
0.093834
0.003320
0.012427
0.004537
0.008959
0.007020
0.040285
0.027878
0.029761
0.023290
0.012244
0.020976
0.006732
0.023502
0.019412
0.007445
0.022697
0.033251
0.002356
